,0
0,0.4854417635457895
1,0.6186262706457004
2,0.4440067168401112
3,0.5005521164270612
4,0.5640683174080743
5,0.4884695328728912
6,0.4179066167348843
7,0.5186415761354081
8,0.5339546514279548
9,0.35091299081076016
10,0.32857856541283703
11,0.3174091865757823
12,0.34553314030287213
13,0.40184001704195416
14,0.40197620858531224
15,0.4013016168198059
16,0.5649190044109217
17,0.5491216316726983
18,0.4529521239074326
19,0.3750903288585335
20,0.31877662996955725
21,0.6315849870099394
22,0.7041238060561812
23,0.543367829941842
24,0.3006283408160475
25,0.40972318165209015
26,0.5469287516393194
27,0.5822728458579866
28,0.6447624527434341
29,0.45246346382206937
30,0.600407492153527
31,0.41321092299335777
32,0.5210113956962672
33,0.2834663594136496
34,0.5393884760245727
35,0.5891002514264918
36,0.5343769238302366
37,0.6219420210438342
38,0.44628657331691857
39,0.7060221874464572
40,0.6955252703906862
41,0.5882887097005267
42,0.3072479135010685
43,0.381363848581568
44,0.4678576958055283
45,0.5753897932673796
46,0.6044824016184273
47,0.4174704645034084
48,0.6196304546176059
49,0.277616027817208
50,0.3063612970363828
51,0.27211935938656756
52,0.2993287881359673
53,0.4095102379456393
54,0.3226452619771586
55,0.3477694656547604
56,0.3584237859523356
57,0.5439040564086892
58,0.4887026501468707
59,0.43753262231118073
60,0.38933892287190963
61,0.6598763197730011
62,0.2924458992277685
63,0.40056007787740006
64,0.5400154709201308
65,0.4427851784607904
66,0.3379934756788674
67,0.38444468200795945
68,0.6950359908806553
69,0.6029708304271295
70,0.4623689388041553
71,0.6578275481121956
72,0.6144031814473486
73,0.6918427278131616
74,0.38282609035556225
75,0.5380289476107221
76,0.6040431281115333
77,0.7018309167015802
78,0.573647996888655
79,0.6016677719924642
80,0.35895293790216537
81,0.5964014431643089
82,0.38560064640934893
83,0.4091602678839293
84,0.7231816453839395
85,0.2564866347278927
86,0.558083100528831
87,0.5035823207633326
88,0.46599948031177985
89,0.32237141911769196
90,0.4115771853025735
91,0.3731350104814696
92,0.4757769063334303
93,0.5421494106224178
94,0.648944823525204
95,0.5897344826067893
96,0.665873562970792
97,0.6815368908297711
98,0.7314670026164519
99,0.4654509173542644
100,0.45038433806576816
101,0.40181026565904343
102,0.36686012751012753
103,0.4366308823531882
104,0.4526000715130215
105,0.45851080128669564
106,0.4607844953122383
107,0.4255339800749653
108,0.5199989957483886
109,0.6252798446764498
110,0.5963960179626803
111,0.7047874365795102
112,0.4974187898803338
113,0.5846329016503216
114,0.4456668091486082
115,0.5786795160025715
116,0.4735483181068231
117,0.6644055737229209
118,0.7531517074127783
119,0.6747802401533219
120,0.6583419477525211
121,0.6147208295239457
122,0.43045497178615233
123,0.70447898869727
124,0.6370395915559725
125,0.3608898651970012
126,0.47387883814694604
127,0.4470914761813782
128,0.6625317389770001
129,0.7427181177098394
130,0.44135792384051953
131,0.5234510351700877
132,0.6262977446944873
133,0.6398711375862266
134,0.6743059238448781
135,0.462683790785024
136,0.6896295092856364
137,0.5260754848763529
138,0.5471764118976982
139,0.5305923835410512
140,0.4955094219806987
141,0.4722619834783316
142,0.45015764402622466
143,0.5155120995078653
144,0.6234823851136149
145,0.49825916693003963
146,0.38287857991740215
147,0.44701952096666936
148,0.29806479865079905
149,0.32941591473421417
150,0.22866137256676344
151,0.5705126639226379
152,0.40040656788391604
153,0.387022807187006
154,0.3595992332210697
155,0.38069625069185886
156,0.32202554699315245
157,0.4608367878056176
158,0.49448057897446696
159,0.4792241692332336
160,0.3549805569461618
161,0.394830098672885
162,0.7197056438258136
163,0.4208899223055414
164,0.6409711465424683
165,0.40245722478697493
166,0.37734393576777525
167,0.47515301325795345
168,0.489308489939145
169,0.46448008715043854
170,0.6880686876221667
171,0.5425045239641143
172,0.4228020336874873
173,0.6452963643436787
174,0.6603925023435366
175,0.5837122878085312
176,0.6531375437562403
177,0.4957396307495991
178,0.5665945030116601
179,0.43333788517264293
180,0.5644021368519674
181,0.39505626688285583
182,0.5665129482663588
183,0.3808774574844831
184,0.601519007527806
185,0.29288282566781326
186,0.42123196198071944
187,0.3942327719253967
188,0.45672003140730016
189,0.5877701047450236
190,0.6647079224339316
191,0.6068984576383253
192,0.6693552754657901
193,0.5181433583058594
194,0.46822276623862297
195,0.6778262564154744
196,0.6858214901061995
197,0.6073840869555556
198,0.4136792591397285
199,0.45955872578032564
200,0.544496520976332
201,0.4969036937600237
202,0.5518180612175223
203,0.6999323356847882
204,0.4617200213423805
205,0.2596852311868877
206,0.6076955428585433
207,0.5262789338715046
208,0.627732068677662
209,0.3551005200061177
210,0.4369304635612614
211,0.3232815806283605
212,0.2908651991334576
213,0.2817211952404144
214,0.311725854248767
215,0.40125159019764006
216,0.4097553298011976
217,0.39035154994356946
218,0.46985583937174996
219,0.46022248667555715
220,0.5271357988499644
221,0.4034793998166829
222,0.5064263845567413
223,0.7252879389495146
224,0.6077706216822613
225,0.3667087718320166
226,0.44039422081541635
227,0.4743642253841045
228,0.33580910276665465
229,0.3640608447272592
230,0.45203954180376693
231,0.7359903034471382
232,0.5912070507827202
233,0.7046421426260004
234,0.5458468347075232
235,0.5391224734512595
236,0.7240436666390251
237,0.5350564480931733
238,0.2878875235302384
239,0.581435723725588
240,0.43058038984156644
241,0.6545355296687158
242,0.5581741875357814
243,0.4237815074618996
244,0.3374742405653353
245,0.4182371228415408
246,0.6327110935375698
247,0.49264714885580574
248,0.5168337191426184
249,0.5207554995226191
250,0.5438179991906031
251,0.5523581446475071
252,0.5354059926935207
253,0.6486056534080724
254,0.6031164233955256
255,0.31368575748923716
256,0.40335401221223366
257,0.29850895095259394
258,0.3362521110545954
259,0.45369193879624065
260,0.590670141944761
261,0.39298930385864694
262,0.3088667855844646
263,0.37460346511812304
264,0.45367608393540015
265,0.23753062113301707
266,0.37514355965287294
267,0.38250130596150933
268,0.4601831286625313
269,0.3820725694388702
270,0.3358068121705456
271,0.5379951292970486
272,0.42346356687184705
273,0.5052535512804458
274,0.34866158638849537
275,0.44794270431441763
276,0.41392925682911375
277,0.3794088107979665
278,0.4761736741401593
279,0.5854225798450927
280,0.39121653406187806
281,0.42015620847447116
282,0.392228165049084
283,0.5804023769801373
284,0.47952272221460784
285,0.5581130194163717
286,0.5450088986127457
287,0.5121354971040539
288,0.48588789280572175
289,0.4546247720074444
290,0.3715304913766772
291,0.42561191328095743
292,0.5957509557245103
293,0.5045792771274658
294,0.7539250005818409
295,0.42553243800652507
296,0.4410568397544077
297,0.45403755092821557
298,0.4365543188031585
299,0.5251310252208069
300,0.6212333718603997
301,0.7285706917905659
302,0.4555013963045399
303,0.3710295387420479
304,0.5516064352498137
305,0.38198874153809814
306,0.7039593339998563
307,0.7334945247535462
308,0.41825961546108037
309,0.5705124722560574
310,0.4610401495489148
311,0.6638001386257903
312,0.7200428949518917
313,0.4804922408822968
314,0.514324070891055
315,0.42304581216802806
316,0.4308764165089134
317,0.2360308412026434
318,0.3833695895933262
319,0.4565495193263837
320,0.3325504550860171
321,0.4000916935715759
322,0.5250888470023474
323,0.713472599798606
324,0.6465916221607895
325,0.41374862079004077
326,0.4330396195869415
327,0.47373120399107943
328,0.38481787346505025
329,0.42188483335039073
330,0.40085182928865065
331,0.49631799950654204
332,0.5135822463327661
333,0.3029460161869749
334,0.3269297147668486
335,0.6283198468354618
336,0.4236480371327969
337,0.4115900440439868
338,0.6541575088341591
339,0.7566861659777457
340,0.6163331476544602
341,0.4794692473807779
342,0.5355878818293753
343,0.4860206331168804
344,0.5793455768978015
345,0.35767860682551755
346,0.5170912989376849
347,0.43194892473847846
348,0.6046936951342115
349,0.5361456044633068
350,0.6389542155858764
351,0.6283378306361793
352,0.4608044133656587
353,0.6839846207243614
354,0.53372188375769
355,0.39095698585602084
356,0.3697799086131187
357,0.36298063432135785
358,0.25320842940406846
359,0.4572406698401447
360,0.3805762975281749
361,0.34051013888001236
362,0.5449686497683963
363,0.35083435944968977
364,0.47151306491126965
365,0.38823129395383316
366,0.48881774016429963
367,0.5248712022385871
368,0.4666603243306671
369,0.3549405385480937
370,0.47748017241081125
371,0.4407402248283032
372,0.38226472211028834
373,0.49803168646394946
374,0.4216395474813968
375,0.4411661380977527
376,0.4441564710886615
377,0.7405673782785697
378,0.3653375805498995
379,0.4492708112395196
380,0.5745643544601693
381,0.4700430900553445
382,0.36600500899688015
383,0.48726698624132914
384,0.49684417849503926
385,0.24358865363259113
386,0.497008122462129
387,0.2855530537281955
388,0.38279282457853836
389,0.33945851512342945
390,0.37569625541837803
391,0.41208003267508425
392,0.3773214814845265
393,0.5064805086977645
394,0.5262594066387771
395,0.44739842054116535
396,0.41988428036252756
397,0.46974884134216927
398,0.4914225270139562
399,0.48895945652209166
400,0.49142594349132185
401,0.48985260752050297
402,0.5802190790930899
403,0.45262362070332396
404,0.6100310663769397
405,0.6220374255866973
406,0.6634967235343293
407,0.49237117145284925
408,0.49611210007743234
409,0.4751898016325454
410,0.4170202860087711
411,0.493176488802062
412,0.6071220588214957
413,0.5028079980748988
414,0.5154092280058294
415,0.5122630353411008
416,0.3617277609701365
417,0.6651323759229135
418,0.5655291874468928
419,0.5534459611609847
420,0.4614877775799342
421,0.4070296427966531
422,0.4294905406666055
423,0.44646705313937224
424,0.26076495902617564
425,0.46499186230438966
426,0.47456095649099134
427,0.41605080432592173
428,0.6241525399635128
429,0.28101442784502817
430,0.6679722010354843
431,0.3242054199927905
432,0.6674192766053189
433,0.5407451599129743
434,0.5274298911999358
435,0.6674225518378101
436,0.5973535133607765
437,0.561062306794477
438,0.6628610390844678
439,0.6037287176097382
440,0.5596952278786813
441,0.3273373581293095
442,0.6313676285590336
443,0.6832022193033584
444,0.6727445222403009
445,0.5084711325608665
446,0.29195704621573815
447,0.5033617618193134
448,0.3450057536436346
449,0.6618694958928965
450,0.3073326504044638
451,0.23330113588072737
452,0.5948229337690578
453,0.6864836422540322
454,0.4901277287234176
455,0.351549415422358
456,0.36388806126333983
457,0.30980036432055097
458,0.41359161708273173
459,0.38983703326174085
460,0.3550042016485622
461,0.3761617466502615
462,0.3563964147973001
463,0.30230759476567265
464,0.3618265285495972
465,0.29603364849599956
466,0.3421861594321416
467,0.29976452298872713
468,0.34075070651601896
469,0.29801370985989084
470,0.38026247951991243
471,0.30205791830375717
472,0.3561718123971426
473,0.4284114942860627
474,0.2812580924699815
475,0.5228771350966677
476,0.40381071866156865
477,0.5738911412063352
478,0.5114172678780409
479,0.5704484961195356
480,0.41658788957421744
481,0.48550134574949605
482,0.32477569096222886
483,0.6256462339695089
484,0.5866616023870107
485,0.5966619232665996
486,0.4121478083119446
487,0.5188983683420485
488,0.309871340691685
489,0.47688635407438984
490,0.5640466007952405
491,0.4489871653668785
492,0.4354164544136556
493,0.6357747389267516
494,0.5606315773814078
495,0.6102481777741863
496,0.506819099382925
497,0.2839850431989829
498,0.6170102495710414
499,0.5664367493743354
500,0.6511022223613492
501,0.6485623895997479
502,0.4476988317119686
503,0.47193236427824525
504,0.5750306445596969
505,0.47981454851825855
506,0.4916298653560416
507,0.685076616349128
508,0.5527461768867724
509,0.6270219510717392
510,0.2984845104776155
511,0.4123544410409607
512,0.4493077572487478
513,0.7343396852838067
514,0.44021481093875375
515,0.5570490929844883
516,0.4646791461500964
517,0.31343099606709884
518,0.3253790340884388
519,0.6548891938732354
520,0.517398523737624
521,0.25029091591055064
522,0.5926234730078754
523,0.43365076698971267
524,0.4665474009791637
525,0.4530462759713463
526,0.4880872826834013
527,0.37200220368601156
528,0.5147194938398661
529,0.6313664104328051
530,0.6780887854914494
531,0.33649984052736226
532,0.30993475247559693
533,0.36388570358758265
534,0.7077355414065083
535,0.6025363410228775
536,0.5537417585452864
537,0.6105931004321928
538,0.38056366888790494
539,0.5002875806633472
540,0.3979624549239174
541,0.42670605584874777
542,0.5431788215584565
543,0.7036039826991114
544,0.4503010587993148
545,0.4558254221735082
546,0.5831735608865052
547,0.6709904843738167
548,0.47161214522755546
549,0.5174089071990104
550,0.640225682626774
551,0.6924310034376109
552,0.5036724439616136
553,0.5862365658055623
554,0.4696730145061979
555,0.5105837148393277
556,0.5833167434559583
557,0.6067915678116277
558,0.48149110342874646
559,0.49845146994365674
560,0.5352488313748056
561,0.36109298103707566
562,0.5287653979305531
563,0.6746537446001679
564,0.4994840228860831
565,0.5274531704481646
566,0.375574650776189
567,0.4788409300338183
568,0.42275569603179863
569,0.5912641902147058
570,0.6764755771332994
571,0.7359181086755757
572,0.587051311936329
573,0.5348108561348577
574,0.660906056594639
575,0.5978862801413024
576,0.36720080517973597
577,0.4078830118426923
578,0.4976133875640599
579,0.5116066983284362
580,0.6477693892615801
581,0.4257818062250243
582,0.6540453888284672
583,0.6680612428517356
584,0.5946092289069266
585,0.48157504152734526
586,0.7236013756319122
587,0.3860418801271632
588,0.6822001897038974
589,0.5230913796774195
590,0.6660617935494915
591,0.6184817651329869
592,0.6825690699271372
593,0.2416511890754929
594,0.6088789049353115
595,0.4940006639416953
596,0.5466627771787537
597,0.6134835759063714
598,0.5632327405032282
599,0.5696487666327222
600,0.5791925967522056
601,0.5563719863682978
602,0.586259798397676
603,0.6650414325495534
604,0.6505320202895748
605,0.61250864412845
606,0.7533885349644722
607,0.6594974391696163
608,0.45571543207209914
609,0.39796803194088715
610,0.45486217889925834
611,0.7284506742905315
612,0.6011392386362583
613,0.7220100813366317
614,0.6731922725821087
615,0.4838379206634575
616,0.3769062075626264
617,0.5663447752937965
618,0.5780446579607577
619,0.618357100310278
620,0.576893707774028
621,0.718489515805344
622,0.7241526307361033
623,0.4640403353037551
624,0.36495788274985286
625,0.4636809136905626
626,0.5483582560995622
627,0.5327721804015894
628,0.5373946752044259
629,0.4960669880361262
630,0.6757190030531103
631,0.6167238814756738
632,0.5000923004184855
633,0.5246664324462158
634,0.47009167966948034
635,0.5464345190796802
636,0.663821734722094
637,0.6676701718466868
638,0.6848338244869917
639,0.32380494520350656
640,0.37892763815013897
641,0.48896099046265445
642,0.6197921038841323
643,0.6271692608863166
644,0.4309916304016453
645,0.3372644144541521
646,0.326217739905929
647,0.5343983957760968
648,0.5904641791297236
649,0.6281788000591
650,0.5600205715764457
651,0.6038337543681711
652,0.49683674834303815
653,0.47575796674624804
654,0.59638448068472
655,0.4407945266445631
656,0.7081832627192216
657,0.6009649788729884
658,0.5381998986137124
659,0.43499091579491783
660,0.4975222652805766
661,0.6762896247717444
662,0.5725952212902021
663,0.6331202644684871
664,0.6224037078827622
665,0.7345416344725286
666,0.47188053169524824
667,0.6211833022312466
668,0.548451833661313
669,0.4271013271284014
670,0.5852589898233549
671,0.7386805995846434
672,0.4038593261441474
673,0.64655825179128
674,0.6372065964483685
675,0.4165488032407785
676,0.3538154595088804
677,0.5301303927054182
678,0.5512581993468062
679,0.6479069732615154
680,0.48584833330297983
681,0.5878342568405645
682,0.5001642800736039
683,0.3912777913114351
684,0.4833047566576118
685,0.6545533024427082
686,0.6119770340725941
687,0.47121344648938185
688,0.4851472129346089
689,0.6523400417810241
690,0.6122897100537236
691,0.34829264513829983
692,0.5721672196961064
693,0.6148065800542497
694,0.5334157917088826
695,0.49595154778218237
696,0.49537480056967087
697,0.4875080678258322
698,0.6817972937200428
699,0.6439819747642377
700,0.6154583898988031
701,0.5734906122031305
702,0.5306663449728911
703,0.26377756937852076
704,0.5699219225445374
705,0.6000710241651597
706,0.6515708783032113
707,0.6485589085715164
708,0.4844320908284721
709,0.5309965875648027
710,0.4332824759551182
711,0.534990379174372
712,0.5722173282615701
713,0.3068791439843207
714,0.3247635282785506
715,0.5133747364131706
716,0.5342119986939803
717,0.4530432761446814
718,0.5146233248856977
719,0.6077747189795552
720,0.38795612908129706
721,0.2366740095785843
722,0.2450009930945103
723,0.3628603716650771
724,0.442507604859911
725,0.5436055670283941
726,0.42301970608683015
727,0.49183202094422596
728,0.48900204818975024
729,0.5001471062878144
730,0.5324854458115508
731,0.534931845199961
732,0.5847149394071631
733,0.4913974215425286
734,0.5738815290862104
735,0.5972408435568167
736,0.4519973960261396
737,0.39258818691939046
738,0.5323849547742221
739,0.5085995112824728
740,0.42633461236408265
741,0.5085995112824728
742,0.3864164481966681
743,0.42038964860435546
744,0.5303219019648395
745,0.4435708614555112
746,0.6331896642352909
747,0.3864164481966681
748,0.36073175407715025
749,0.5757908105490003
750,0.4842691639222168
751,0.6009809318997451
752,0.5714559947517627
753,0.6376872478216313
754,0.5050160610727165
755,0.3551721544629827
756,0.3022600847889831
757,0.22120660133906478
758,0.36454358037945045
759,0.23345827823359383
760,0.3624594616651297
761,0.38258387285150686
762,0.5184896418414148
763,0.4907698037404357
764,0.4665249247919302
765,0.6646368678239065
766,0.42880759455935846
767,0.6902905175176515
768,0.5609753789576519
769,0.5867763369965356
770,0.6123815348908539
771,0.6569462255433873
772,0.6832139217883131
773,0.611762295765043
774,0.44936201301053663
775,0.6130968747727992
776,0.6786528349008514
777,0.503888002459919
778,0.7011125580377873
779,0.7477127760878706
780,0.6303387962136338
781,0.48523019324361477
782,0.750344207543767
783,0.5886025252096458
784,0.4582643307885169
785,0.4063183396784641
786,0.4123266210980753
787,0.3613086844203325
788,0.3690914628148513
789,0.40299491632399703
790,0.35013297826865736
791,0.45029502643220043
792,0.20604879857217412
793,0.3031283015614109
794,0.28834446770558486
795,0.3022021412472935
796,0.2959013043848497
797,0.4155255458159167
798,0.598200152703435
799,0.4137715052756194
800,0.45260719456554793
801,0.37317048561293054
802,0.3537937660917465
803,0.3734761928803073
804,0.5163061144224835
805,0.6638706682495218
806,0.6777460075595119
807,0.6439473704568962
808,0.4802741557721136
809,0.6308073969733534
810,0.48304840857007253
811,0.5331878669939143
812,0.3344780262755305
813,0.48325346014065457
814,0.5194725677539784
815,0.4700094228714102
816,0.4458129376864392
817,0.5934851988667987
818,0.3498288869247286
819,0.5580778451690457
820,0.5490978925723201
821,0.48991095748384084
822,0.5039080974990229
823,0.6083491407127273
824,0.5178122248990707
825,0.447475938878182
826,0.45350485174078287
827,0.3083068166635009
828,0.2988340566683941
829,0.23525536656635088
830,0.6786807147601589
831,0.3034392446318012
832,0.3531928083218059
833,0.3211468137370872
834,0.44024761159659737
835,0.35357671087669507
836,0.26711474381294464
837,0.38732264051533233
838,0.6223298784743407
839,0.390367624717895
840,0.2351432368252216
841,0.4532558510170239
842,0.5668174919501097
843,0.4817022979746837
844,0.7090427356453355
845,0.3301799864816415
846,0.5043327831743437
847,0.3859312543417366
848,0.47932018299520773
849,0.4063730143978641
850,0.39697805386076834
851,0.39697805386076834
852,0.4757203345941084
853,0.6255004805159644
854,0.6511528581402264
855,0.3035917036806838
856,0.6597472310561978
857,0.5134563834414112
858,0.7131695785755733
859,0.32914745673859813
860,0.630852004858321
861,0.6870655383338279
862,0.7009291268785034
863,0.6518182832620003
864,0.5598305852216837
865,0.6530062508577468
866,0.49805924210772456
867,0.5017152901816871
868,0.533716370048492
869,0.5414186836477531
870,0.7541735642922647
871,0.49695030339928814
872,0.7239678152279261
873,0.5748243676393809
874,0.6762225873451093
875,0.6480753784727791
876,0.6192643942985427
877,0.5741971307445572
878,0.5634688331987928
879,0.5430302414660927
880,0.4615462627486123
881,0.5375386948357301
882,0.5894819428880175
883,0.5393873861560655
884,0.4888494953330067
885,0.7253781260132668
886,0.5573117025941704
887,0.6187859809764998
888,0.7113234831685242
889,0.6460153348527272
890,0.6556828554421121
891,0.7015568940230832
892,0.5453107143591116
893,0.60983174288833
894,0.6410485399889836
895,0.5846002164186154
896,0.49130467900678754
897,0.32194499338804733
898,0.47434190537042326
899,0.39481215002897085
900,0.44541792555435306
901,0.34908106340633127
902,0.6188167380554609
903,0.5018780775945099
904,0.5826182893259786
905,0.5649705512530729
906,0.6012870394680808
907,0.5969759244014313
908,0.5322902866937872
909,0.50242118943608
910,0.424293217121056
911,0.4584578113005121
912,0.43135138702670967
913,0.6877779379144454
914,0.45585852835817764
915,0.6910255023613305
916,0.6399456541048134
917,0.7278062735770241
918,0.311609998348551
919,0.46209482707843047
920,0.5025900870417744
921,0.5299149929268229
922,0.5658365583403407
923,0.5668012939265009
924,0.5176487074643908
925,0.6895127082844867
926,0.5737431245180087
927,0.3893962951598343
928,0.5128508696577752
929,0.5501777424304616
930,0.6628610390844678
931,0.5451039085284084
932,0.531400452442748
933,0.4083308631429374
934,0.4286177250419989
935,0.5914114548723167
936,0.528231367837899
937,0.40918653755172807
938,0.5552415248515055
939,0.5886265332336936
940,0.530250344386578
941,0.43920932902654275
942,0.24558727098156238
943,0.406711457668013
944,0.3964543823897507
945,0.37995602531426426
946,0.5058410743089419
947,0.21187223464282134
948,0.5164419002626137
949,0.5881253448993901
950,0.3922057535236503
951,0.5190375354975955
952,0.42710444423483984
953,0.4697946104881607
954,0.4373517477432036
955,0.36858211404128755
956,0.569169890887363
957,0.5076095031327491
958,0.6013987502676896
959,0.6377934502840538
960,0.41384245271694936
961,0.42441927337986185
962,0.7180276236063454
963,0.5253307164459887
964,0.4734022361805085
965,0.42242917700624477
966,0.5332060410345394
967,0.5594855229558418
968,0.5802190790930899
969,0.6001600659743732
970,0.4221981467393885
971,0.5704564544959674
972,0.6734712029025093
973,0.4089765734568393
974,0.37680726788142493
975,0.5177092377649766
976,0.5176262845372968
977,0.6097050745115058
978,0.6148177857283743
979,0.724062557571403
980,0.5988519001292794
981,0.7107360061922237
982,0.5605142006075042
983,0.6501792653410411
984,0.6144519690524726
985,0.4979216799503429
986,0.6382948952188903
987,0.6746882504750933
988,0.4971154493188564
989,0.49587592629069943
990,0.5655608233620559
991,0.6361303229431414
992,0.2072049794389768
993,0.4530512051815513
994,0.6487963057261964
995,0.48886883951863547
996,0.1709813855566495
997,0.4017874993397151
998,0.4311770968109357
999,0.6283027962707735
1000,0.2841501492764747
1001,0.6807148596008182
1002,0.5381396290677136
1003,0.5000415878809034
1004,0.6567480715153344
1005,0.6479568815330864
1006,0.6727020417690279
1007,0.3048173092597489
1008,0.4327201632575581
1009,0.6148808339210592
1010,0.47221336706623973
1011,0.5605469377167818
1012,0.6504830824852341
1013,0.514642516170295
1014,0.690407832352319
1015,0.49689693543580177
1016,0.4085842717747518
1017,0.5548381663729836
1018,0.494327005809273
1019,0.5328790384796491
1020,0.47702897711983916
1021,0.5255609088820499
1022,0.38392024411520903
1023,0.5348985778681914
1024,0.4825122130261766
1025,0.4499474233462171
1026,0.4261158473643277
1027,0.5136696395930814
1028,0.4574907663082824
1029,0.6283378306361793
1030,0.4841507882997616
1031,0.43936181468026897
1032,0.5143956855138097
1033,0.41099037746918254
1034,0.5798475882326001
1035,0.6452175074060774
1036,0.5566061479638073
1037,0.47790372173789136
1038,0.4628011122726484
1039,0.6139284433786633
1040,0.4946518687696276
1041,0.576453041037074
1042,0.4489028031420503
1043,0.345144731210579
1044,0.4731771198199128
1045,0.4010966479557397
1046,0.44365889729282176
1047,0.64117805501273
1048,0.4752685753969112
1049,0.45317224671455725
1050,0.48520461524485003
1051,0.6018436633131417
1052,0.43529481793821045
1053,0.508853991095144
1054,0.434943509379244
1055,0.44499060463052814
1056,0.45339109848365255
1057,0.4985082250097655
1058,0.70447898869727
1059,0.6743059238448781
1060,0.6850963864216271
1061,0.6520573389509089
1062,0.4385213273884673
1063,0.5236243539545046
1064,0.49548394221972303
1065,0.3949826740809074
1066,0.3711727283771532
1067,0.5339876628806777
1068,0.5984778500036201
1069,0.48105858559510317
1070,0.49335647674965905
1071,0.6947409152389104
1072,0.6720975805622316
1073,0.6693788417842861
1074,0.5295900576627559
1075,0.39755963447316106
1076,0.4404611234774383
1077,0.48700159174818214
1078,0.44171163526563567
1079,0.49685500230741503
1080,0.45120130023840077
1081,0.7090429045402357
1082,0.5858953688635143
1083,0.4174549083120641
1084,0.5290949830101531
1085,0.4174549083120641
1086,0.5290949830101531
1087,0.5687825660223608
1088,0.47971587124654586
1089,0.33167042473347286
1090,0.37366849959110754
1091,0.38209912771500165
1092,0.3737195742571543
1093,0.4823890854244678
1094,0.34075973040131896
1095,0.31266872803387935
1096,0.3645835386318199
1097,0.5023994895473675
1098,0.36050331330006935
1099,0.5180046824774923
1100,0.5234733375769834
1101,0.7005187301166123
1102,0.4362049176332549
1103,0.641675331325295
1104,0.2939091115741562
1105,0.5581741875357814
1106,0.4237815074618996
1107,0.534931845199961
1108,0.5847149394071631
1109,0.25320842940406846
1110,0.4572406698401447
1111,0.3805762975281749
1112,0.406711457668013
1113,0.5605469377167818
1114,0.6648850498815216
1115,0.4228020336874873
1116,0.59638448068472
1117,0.34051013888001236
1118,0.7046421426260004
1119,0.4940006639416953
1120,0.45571543207209914
1121,0.5912070507827202
1122,0.5696487666327222
1123,0.3769062075626264
1124,0.47151306491126965
1125,0.38823129395383316
1126,0.48881774016429963
1127,0.35083435944968977
1128,0.31266872803387935
1129,0.36739826791519953
1130,0.3513239166505323
1131,0.5391224734512595
1132,0.5458468347075232
1133,0.5318408516245071
1134,0.46599948031177985
1135,0.44994414435319086
1136,0.4115771853025735
1137,0.3731350104814696
1138,0.5665129482663588
1139,0.6505320202895748
1140,0.5563719863682978
1141,0.45803837169737066
1142,0.5248712022385871
1143,0.38209912771500165
1144,0.5350564480931733
1145,0.2878875235302384
1146,0.581435723725588
1147,0.3549405385480937
1148,0.4666603243306671
1149,0.6409711465424683
1150,0.40245722478697493
1151,0.37734393576777525
1152,0.35726377444816415
1153,0.6778262564154744
1154,0.6858214901061995
1155,0.6073840869555556
1156,0.43936181468026897
1157,0.55728577503498
1158,0.4969036937600237
1159,0.39958669882231845
1160,0.3845363472040143
1161,0.6603925023435366
1162,0.508853991095144
1163,0.5427137478940793
1164,0.48520461524485003
1165,0.5121364773695795
1166,0.345144731210579
1167,0.44135792384051953
1168,0.434943509379244
1169,0.3922057535236503
1170,0.29288282566781326
1171,0.6676701718466868
1172,0.45672003140730016
1173,0.5877701047450236
1174,0.6647079224339316
1175,0.6068984576383253
1176,0.6185390263243798
1177,0.46822276623862297
1178,0.39108329912988155
1179,0.514642516170295
1180,0.3551005200061177
1181,0.5881253448993901
1182,0.48550134574949605
1183,0.41658788957421744
1184,0.534990379174372
1185,0.5722173282615701
1186,0.4460974055157658
1187,0.3595992332210697
1188,0.38069625069185886
1189,0.40040656788391604
1190,0.3534494142253645
1191,0.3549805569461618
1192,0.394830098672885
1193,0.7197056438258136
1194,0.34931859569269275
1195,0.3589170832123081
1196,0.7197056438258136
1197,0.43920932902654275
1198,0.5234510351700877
1199,0.40381071866156865
1200,0.6543392755846406
1201,0.32477569096222886
1202,0.3268686122132895
1203,0.38289462019222886
1204,0.4692651682897084
1205,0.5784621031331237
1206,0.600407492153527
1207,0.49683674834303815
1208,0.6452963643436787
1209,0.41854100800971616
1210,0.6234823851136149
1211,0.6382948952188903
1212,0.43753262231118073
1213,0.2610395795816744
1214,0.3123453622053133
1215,0.6598763197730011
1216,0.2924458992277685
1217,0.49825916693003963
1218,0.44701952096666936
1219,0.7292525346983016
1220,0.32941591473421417
1221,0.5705126639226379
1222,0.387022807187006
1223,0.40040656788391604
1224,0.45955872578032564
1225,0.544496520976332
1226,0.5518180612175223
1227,0.5033617618193134
1228,0.47971587124654586
1229,0.6370395915559725
1230,0.4015749184390777
1231,0.3608898651970012
1232,0.504213116704541
1233,0.49448057897446696
1234,0.47387883814694604
1235,0.44365889729282176
1236,0.24358865363259113
1237,0.4054588240538705
1238,0.44739842054116535
1239,0.41988428036252756
1240,0.46974884134216927
1241,0.4470914761813782
1242,0.4985082250097655
1243,0.4914225270139562
1244,0.48886883951863547
1245,0.4724673440909593
1246,0.5190529681798038
1247,0.6430137719536282
1248,0.585414083356145
1249,0.47748017241081125
1250,0.43936467319568295
1251,0.5811684548933865
1252,0.5822728458579866
1253,0.5064805086977645
1254,0.47515301325795345
1255,0.39796803194088715
1256,0.5262594066387771
1257,0.4407402248283032
1258,0.38226472211028834
1259,0.31368575748923716
1260,0.40335401221223366
1261,0.3362521110545954
1262,0.29850895095259394
1263,0.5738815290862104
1264,0.5545549404536313
1265,0.590670141944761
1266,0.39298930385864694
1267,0.45369193879624065
1268,0.3088667855844646
1269,0.6746882504750933
1270,0.3653375805498995
1271,0.6327110935375698
1272,0.4492708112395196
1273,0.4327150607339343
1274,0.41854100800971616
1275,0.5572864035356505
1276,0.4596327581745556
