,latitude,longitude,angle,edge
0,46.51686348182454,6.616043789619313,279,"(280591, 595687178, 0)"
1,46.51694419690784,6.614558179578083,274,"(280592, 597641485, 0)"
2,46.51799352683474,6.616918110926399,131,"(280595, 574634679, 0)"
3,46.51778261416506,6.617279011284041,310,"(280595, 281325160, 0)"
4,46.51748675685137,6.617792226936187,310,"(280595, 281325160, 0)"
5,46.51710652083884,6.618451793568398,310,"(280595, 281325160, 0)"
6,46.51812204399841,6.616712644645919,289,"(280597, 360044657, 0)"
7,46.5190413628326,6.617373223174941,273,"(280597, 280601, 0)"
8,46.5190413628326,6.617373223174941,93,"(280601, 280597, 0)"
9,46.51947538265647,6.623737472616284,120,"(280612, 563021122, 0)"
10,46.51955503434325,6.632636068896541,104,"(280644, 35295119, 0)"
11,46.51950433815684,6.632950217872652,281,"(280644, 35297466, 0)"
12,46.51944767593661,6.633450944450963,280,"(280644, 35297466, 0)"
13,46.51810232958839,6.637436694333338,119,"(280664, 253302603, 0)"
14,46.51810232958839,6.637436694333338,118,"(280664, 5318659408, 0)"
15,46.51819425614781,6.6372040617621,118,"(280664, 5318659408, 0)"
16,46.51777832564377,6.606627344161315,224,"(504964, 567496991, 0)"
17,46.51768170363851,6.606495908858551,319,"(504964, 5282781125, 0)"
18,46.51697683348645,6.605407013470938,280,"(20934808, 567523734, 0)"
19,46.50788027177044,6.624432088106248,124,"(35295091, 567803527, 0)"
20,46.50819287669756,6.623746723074753,118,"(35295091, 567803527, 0)"
21,46.51415355553541,6.618655385822755,235,"(35295094, 253487084, 0)"
22,46.51446281453808,6.619344072528752,236,"(35295094, 253487084, 0)"
23,46.51413533923427,6.617719600206914,116,"(35295094, 269946396, 0)"
24,46.51964986786704,6.631777628277694,96,"(35295119, 562821048, 0)"
25,46.51971376643156,6.631000881512302,96,"(35295119, 562821048, 0)"
26,46.50978743032902,6.627928219128753,23,"(35295156, 269590759, 0)"
27,46.50970328382979,6.62809469842581,284,"(35295157, 269871701, 0)"
28,46.50962039439508,6.628057741751705,14,"(35295157, 567914297, 0)"
29,46.50821790838647,6.627123516514984,103,"(35295158, 273490502, 0)"
30,46.50811188686456,6.62797218919126,271,"(35295158, 567921216, 0)"
31,46.50825035654329,6.627459135811579,196,"(35295158, 567914227, 0)"
32,46.50697165228276,6.627001648714136,58,"(35295159, 268655009, 0)"
33,46.51944767593661,6.633450944450963,100,"(35297466, 280644, 0)"
34,46.51956518985864,6.639231029505164,300,"(35297474, 5234497235, 0)"
35,46.51870917508234,6.641295257545053,300,"(35297476, 597832049, 0)"
36,46.51843967648637,6.640529475788397,205,"(35297477, 35297476, 0)"
37,46.5180252394166,6.640554132024742,297,"(35297477, 597832012, 0)"
38,46.51797604291558,6.640708878987321,297,"(35297477, 597832012, 0)"
39,46.51330263972841,6.610861168199659,214,"(35297578, 271437125, 0)"
40,46.5136705579723,6.611222552529827,212,"(35297578, 271437125, 0)"
41,46.51133688955158,6.617684298069185,313,"(60940436, 3736991372, 0)"
42,46.51191739746309,6.616724129042257,126,"(60940437, 271437114, 0)"
43,46.51213272461545,6.6163095105426,124,"(60940437, 271437114, 0)"
44,46.51233823656269,6.615836400462974,119,"(60940437, 271437114, 0)"
45,46.51246422896797,6.615499784770421,118,"(60940437, 271437114, 0)"
46,46.51258762857199,6.615135332124442,114,"(60940437, 271437114, 0)"
47,46.51286847419939,6.614166094104318,112,"(60940437, 271437114, 0)"
48,46.51317231615112,6.613111621871168,119,"(60940437, 271437114, 0)"
49,46.51335633554415,6.612715304051408,132,"(60940437, 271437114, 0)"
50,46.51354424350815,6.612428908978595,135,"(60940437, 271437114, 0)"
51,46.51367706301418,6.612249446117556,134,"(60940437, 271437114, 0)"
52,46.51390346242879,6.611941530908653,134,"(60940437, 271437114, 0)"
53,46.51929665223176,6.638796197363906,283,"(155053222, 220786678, 0)"
54,46.51960286574774,6.638198086993622,246,"(155053222, 35297474, 0)"
55,46.51926589156001,6.636155464285901,102,"(155093762, 366998099, 0)"
56,46.51914582527484,6.639655087040242,283,"(220786678, 564690286, 0)"
57,46.51741176787236,6.637759045022952,196,"(220806223, 253302592, 0)"
58,46.51823487117214,6.639474231303853,29,"(220815387, 565470501, 0)"
59,46.51747104336346,6.637484068968015,106,"(253302592, 253302602, 0)"
60,46.51741176787236,6.637759045022952,16,"(253302592, 220806223, 0)"
61,46.51723933587823,6.636925800561107,16,"(253302602, 266811378, 0)"
62,46.51787612311378,6.637219161827987,17,"(253302603, 253302602, 0)"
63,46.51819425614781,6.6372040617621,119,"(253302603, 5318659408, 0)"
64,46.51810232958839,6.637436694333338,299,"(253302603, 280664, 0)"
65,46.51937197659859,6.623714380517044,113,"(253303515, 595259530, 0)"
66,46.51927788290414,6.624225295353682,301,"(253303515, 256362036, 0)"
67,46.51981350278264,6.629863279828283,87,"(253415779, 334242856, 0)"
68,46.51479405659025,6.625451345363196,355,"(253486798, 280792517, 0)"
69,46.51437878982443,6.625503743287623,355,"(253486798, 280792517, 0)"
70,46.5159418344107,6.625686158241435,206,"(253486800, 271330480, 0)"
71,46.51446281453808,6.619344072528752,56,"(253487084, 35295094, 0)"
72,46.51415355553541,6.618655385822755,55,"(253487084, 35295094, 0)"
73,46.51963485344567,6.617128870931303,304,"(253487541, 290287229, 0)"
74,46.51966062774826,6.616601087991113,74,"(253487541, 593815187, 0)"
75,46.51951780711366,6.616131358413384,59,"(253487541, 593815187, 0)"
76,46.51940816643388,6.615926779654347,47,"(253487541, 593815187, 0)"
77,46.51924885487066,6.615604228022443,56,"(253487541, 593815187, 0)"
78,46.51653938219334,6.618560020565235,23,"(256188313, 597674081, 0)"
79,46.51669589620955,6.618528250195951,93,"(256188313, 595687177, 0)"
80,46.51486769433686,6.610383597663001,121,"(256311257, 574442218, 0)"
81,46.51482280777708,6.610505432050537,203,"(256311257, 5282781124, 0)"
82,46.51524218824948,6.607803839730302,24,"(256311259, 5590390900, 0)"
83,46.5149228634714,6.607601684927829,27,"(256311259, 5590390900, 0)"
84,46.5144749413161,6.605994830305947,101,"(256311259, 5590390900, 0)"
85,46.51546509117787,6.608323907228066,291,"(256311259, 574442218, 0)"
86,46.51536039862108,6.608699322272174,291,"(256311259, 574442218, 0)"
87,46.51518513589691,6.60932817034772,291,"(256311259, 574442218, 0)"
88,46.51825741068139,6.628909358826124,105,"(256362031, 897959534, 0)"
89,46.51890396871254,6.625184515870318,301,"(256362036, 595258306, 0)"
90,46.51913254862828,6.625420051928543,284,"(256362036, 289087937, 0)"
91,46.51901348417321,6.62610700829622,284,"(256362036, 289087937, 0)"
92,46.51913261584532,6.624606101704757,121,"(256362036, 253303515, 0)"
93,46.50695388025621,6.630298439566978,162,"(265720715, 269849104, 0)"
94,46.50704590316159,6.630687449870805,249,"(265720715, 567923212, 0)"
95,46.50720508891837,6.631308012333739,251,"(265720715, 567923212, 0)"
96,46.50727872917541,6.631692233829404,256,"(265720715, 567923212, 0)"
97,46.50731205871812,6.631959072743889,259,"(265720715, 567923212, 0)"
98,46.50733590047351,6.632222920993827,265,"(265720715, 567923212, 0)"
99,46.50718637019854,6.633648780963367,291,"(265720715, 567923212, 0)"
100,46.50692622808645,6.629408902954326,95,"(265720715, 265737378, 0)"
101,46.50695932840723,6.628891872128574,95,"(265720715, 265737378, 0)"
102,46.50697420276241,6.628430908486038,94,"(265720715, 265737378, 0)"
103,46.50697420276241,6.628430908486038,274,"(265737378, 265720715, 0)"
104,46.50695932840723,6.628891872128574,275,"(265737378, 265720715, 0)"
105,46.50692622808645,6.629408902954326,275,"(265737378, 265720715, 0)"
106,46.51090236427996,6.636224408838553,66,"(266381294, 568428541, 0)"
107,46.51131345543788,6.637150009077383,178,"(266381299, 611697385, 0)"
108,46.5116275113129,6.637157391036138,178,"(266381299, 611697385, 0)"
109,46.50994013968074,6.641117788546753,291,"(266381309, 269563045, 0)"
110,46.51019081612576,6.64015619031105,110,"(266381309, 568441708, 0)"
111,46.50999612296071,6.640751043715992,20,"(266381309, 8867593729, 0)"
112,46.51386065338912,6.625564757815214,174,"(266877374, 280792517, 0)"
113,46.51189314385712,6.622893062584349,47,"(266877375, 567872244, 0)"
114,46.5170455712456,6.610370235066199,124,"(266877376, 592205181, 0)"
115,46.51893405664318,6.618389025676621,63,"(267491473, 337863597, 0)"
116,46.50697165228276,6.627001648714136,238,"(268655009, 35295159, 0)"
117,46.50764359255323,6.637474338189852,192,"(268655025, 567931579, 0)"
118,46.50981474100238,6.637125852411272,354,"(268655031, 268655035, 0)"
119,46.51000560616944,6.636996420474017,245,"(268655032, 268655031, 0)"
120,46.5095586855798,6.637375789468657,272,"(268655035, 268655359, 0)"
121,46.5095586855798,6.637375789468657,304,"(268655035, 268655359, 0)"
122,46.5095586855798,6.637375789468657,124,"(268655359, 268655035, 0)"
123,46.50986811998385,6.64138738989938,198,"(268655392, 5280471189, 0)"
124,46.51157637685758,6.632408408395125,12,"(269559104, 1433170962, 0)"
125,46.51216573749958,6.632953447117425,191,"(269559106, 269559117, 0)"
126,46.51216573749958,6.632953447117425,234,"(269559107, 5280471180, 0)"
127,46.51158974952499,6.633367046279645,304,"(269559109, 5280471176, 0)"
128,46.51233007155095,6.633322916351844,296,"(269559117, 280792530, 0)"
129,46.51216573749958,6.632953447117425,11,"(269559117, 269559106, 0)"
130,46.51153905043855,6.634014052376112,189,"(269563030, 5280471183, 0)"
131,46.5122807529323,6.634203971169968,11,"(269563032, 5280471182, 0)"
132,46.51256118440604,6.634185906916486,137,"(269563032, 674212042, 0)"
133,46.51256118440604,6.634185906916486,312,"(269563032, 611696898, 0)"
134,46.50986811998385,6.64138738989938,18,"(269563045, 5280471189, 0)"
135,46.50994013968074,6.641117788546753,111,"(269563045, 266381309, 0)"
136,46.50958464478184,6.619816691713083,39,"(269580061, 274635995, 0)"
137,46.50957587052726,6.620436437336836,312,"(269580061, 567803527, 0)"
138,46.50932330437691,6.620822880087366,312,"(269580061, 567803527, 0)"
139,46.50914127572831,6.62112347863119,308,"(269580061, 567803527, 0)"
140,46.50897243712277,6.621430622486153,305,"(269580061, 567803527, 0)"
141,46.50878799661918,6.621855519941703,300,"(269580061, 567803527, 0)"
142,46.50868539071039,6.622137077911569,295,"(269580061, 567803527, 0)"
143,46.5085561222151,6.622556703774689,293,"(269580061, 567803527, 0)"
144,46.51378444663969,6.628737225539485,290,"(269586747, 610539549, 0)"
145,46.51318282239906,6.629220210156654,114,"(269586762, 678462351, 0)"
146,46.51184275532425,6.62827626311458,107,"(269586765, 269586770, 0)"
147,46.51208514940394,6.62869630160204,200,"(269586765, 610316876, 0)"
148,46.51178592416745,6.628596022640251,289,"(269586765, 266381271, 0)"
149,46.51167327504403,6.627324039291584,11,"(269586770, 269586774, 0)"
150,46.51194484910108,6.627663210393092,281,"(269586770, 269586765, 0)"
151,46.51085626129622,6.627096241465252,12,"(269586774, 273490465, 0)"
152,46.51329137825043,6.626684282384746,102,"(269586780, 609224236, 0)"
153,46.51329137825043,6.626684282384746,282,"(269586780, 269586768, 0)"
154,46.5135852673898,6.626988614092012,14,"(269590745, 269586780, 0)"
155,46.5139767852009,6.626829314585811,104,"(269590745, 280792520, 0)"
156,46.51210251307121,6.626542215590443,101,"(269590748, 609224203, 0)"
157,46.51203144075029,6.627032542416554,281,"(269590748, 269586770, 0)"
158,46.51206942495976,6.62677315313307,358,"(269590748, 567901719, 0)"
159,46.51139625119395,6.627247914699988,266,"(269590750, 269586774, 0)"
160,46.51345654418953,6.625848379122617,103,"(269590751, 564447984, 0)"
161,46.51369897120374,6.626147340764915,194,"(269590751, 280792520, 0)"
162,46.51007767485483,6.625473786056445,29,"(269590755, 567886823, 0)"
163,46.50978743032902,6.627928219128753,203,"(269590759, 35295156, 0)"
164,46.50945396013282,6.625105223197004,298,"(269591107, 567888583, 0)"
165,46.50956245291577,6.62478716583433,298,"(269591108, 568828609, 0)"
166,46.50939759997238,6.624458175868758,30,"(269591108, 269946533, 0)"
167,46.5105701160769,6.623647311854793,206,"(269591111, 567878288, 0)"
168,46.51012420695792,6.624073645568221,311,"(269591111, 321870267, 0)"
169,46.5105286154575,6.623433249540364,132,"(269591111, 567874786, 0)"
170,46.51010105134646,6.623135122167554,33,"(269591111, 567877457, 0)"
171,46.50932511953711,6.624493528480943,209,"(269591112, 269946533, 0)"
172,46.50818699617496,6.628852412556422,67,"(269591979, 567921216, 0)"
173,46.50830391120623,6.629231985846821,243,"(269591979, 695127573, 0)"
174,46.50919957459679,6.629961677387555,11,"(269871701, 268244867, 0)"
175,46.51506911077333,6.615632103439506,140,"(269946390, 304577575, 0)"
176,46.51512593915152,6.613729631909002,206,"(269946392, 567547857, 0)"
177,46.51504028705084,6.614448502277476,292,"(269946392, 567547857, 0)"
178,46.51302998509188,6.617822579018455,18,"(269946394, 5280238452, 0)"
179,46.51329804123657,6.617962050098738,111,"(269946394, 5280238449, 0)"
180,46.51413533923427,6.617719600206914,296,"(269946396, 35295094, 0)"
181,46.51235663205867,6.62479557675634,281,"(269946420, 582992360, 0)"
182,46.51225165760397,6.624499635055844,16,"(269946420, 567881846, 0)"
183,46.51225165760397,6.624499635055844,102,"(269946420, 567875577, 0)"
184,46.51079940082308,6.623020308620037,312,"(269946483, 567874786, 0)"
185,46.50983307293799,6.626639294526067,265,"(269946530, 273490496, 0)"
186,46.50951791209589,6.626108313575654,354,"(269946530, 321870262, 0)"
187,46.50993077336739,6.626053469856206,175,"(269946530, 269590761, 0)"
188,46.50930521756084,6.625478921412652,119,"(269946531, 567888583, 0)"
189,46.5091917586613,6.625764321476669,298,"(269946531, 321870265, 0)"
190,46.50901541159788,6.625009213683179,307,"(269946532, 269946534, 0)"
191,46.50885166506183,6.625344086047608,307,"(269946532, 269946534, 0)"
192,46.50939759997238,6.624458175868758,210,"(269946533, 269591108, 0)"
193,46.50932511953711,6.624493528480943,29,"(269946533, 269591112, 0)"
194,46.50845980114376,6.626241200190297,299,"(269946534, 273490502, 0)"
195,46.50872956230981,6.625585266290574,127,"(269946534, 269946532, 0)"
196,46.50885166506183,6.625344086047608,127,"(269946534, 269946532, 0)"
197,46.50901541159788,6.625009213683179,127,"(269946534, 269946532, 0)"
198,46.50870466859526,6.625879691863995,209,"(269946534, 321870265, 0)"
199,46.50966209120705,6.627082233264454,191,"(269948263, 273490496, 0)"
200,46.50884400182796,6.626862114350089,10,"(269948263, 273490502, 0)"
201,46.50966156159473,6.627611307793617,239,"(269948263, 269948269, 0)"
202,46.50931748039279,6.626734798957488,58,"(269948263, 321870262, 0)"
203,46.50966156159473,6.627611307793617,59,"(269948269, 269948263, 0)"
204,46.51700581995363,6.63347253494797,95,"(270099337, 561463461, 0)"
205,46.51704510400496,6.633005580868542,95,"(270099337, 561463461, 0)"
206,46.5159418344107,6.625686158241435,26,"(271330480, 253486800, 0)"
207,46.51648791114703,6.625532931250688,113,"(271330480, 282656437, 0)"
208,46.50794393291972,6.629116606728275,166,"(271330482, 567921225, 0)"
209,46.51447258416519,6.632783465289883,325,"(271330483, 280792535, 0)"
210,46.51500477815065,6.632545375309376,230,"(271330483, 280792538, 0)"
211,46.51390346242879,6.611941530908653,314,"(271437114, 60940437, 0)"
212,46.51367706301418,6.612249446117556,314,"(271437114, 60940437, 0)"
213,46.51354424350815,6.612428908978595,315,"(271437114, 60940437, 0)"
214,46.51335633554415,6.612715304051408,312,"(271437114, 60940437, 0)"
215,46.51317231615112,6.613111621871168,299,"(271437114, 60940437, 0)"
216,46.51286847419939,6.614166094104318,292,"(271437114, 60940437, 0)"
217,46.51258762857199,6.615135332124442,294,"(271437114, 60940437, 0)"
218,46.51246422896797,6.615499784770421,298,"(271437114, 60940437, 0)"
219,46.51233823656269,6.615836400462974,299,"(271437114, 60940437, 0)"
220,46.51213272461545,6.6163095105426,304,"(271437114, 60940437, 0)"
221,46.51191739746309,6.616724129042257,306,"(271437114, 60940437, 0)"
222,46.5136705579723,6.611222552529827,32,"(271437125, 35297578, 0)"
223,46.51330263972841,6.610861168199659,34,"(271437125, 35297578, 0)"
224,46.51688672683804,6.609321758285543,201,"(272832410, 272832446, 0)"
225,46.51688305638535,6.609553489431002,271,"(272832446, 567497086, 0)"
226,46.51688557684329,6.60941685637671,2,"(272832446, 272832410, 0)"
227,46.51582366921301,6.610441989240816,28,"(272832544, 5282781124, 0)"
228,46.50811634743116,6.625397102345034,29,"(273490458, 567899538, 0)"
229,46.50812056753133,6.625923235653427,298,"(273490458, 567899488, 0)"
230,46.50843951504823,6.625662763987924,209,"(273490458, 269946534, 0)"
231,46.51110935109266,6.624501364476521,23,"(273490460, 567878285, 0)"
232,46.51136819740636,6.624130368202008,196,"(273490462, 567881520, 0)"
233,46.51115391497655,6.624353521152681,295,"(273490462, 273490460, 0)"
234,46.51015167240205,6.627216518493391,296,"(273490465, 273490496, 0)"
235,46.51039276592355,6.626966025968741,113,"(273490465, 269590761, 0)"
236,46.50978743032902,6.627928219128753,300,"(273490486, 269590759, 0)"
237,46.50966209120705,6.627082233264454,11,"(273490496, 269948263, 0)"
238,46.50983307293799,6.626639294526067,85,"(273490496, 269946530, 0)"
239,46.51004041375795,6.62718801857013,191,"(273490496, 273490465, 0)"
240,46.5197883043574,6.610539895713728,82,"(274345151, 592205905, 0)"
241,46.50958464478184,6.619816691713083,219,"(274635995, 269580061, 0)"
242,46.51910581170399,6.629913996882155,85,"(277059597, 330168196, 0)"
243,46.51912281216445,6.629526993711847,130,"(277059597, 330168196, 0)"
244,46.51763158569216,6.633596263585233,98,"(277059604, 561509498, 0)"
245,46.51770414964162,6.633967490628551,176,"(277059604, 561509504, 0)"
246,46.51864447620903,6.631521927610426,288,"(277059611, 2936333147, 0)"
247,46.51859955957897,6.630919490970799,109,"(277059611, 303540190, 0)"
248,46.51531131675038,6.624955375730359,293,"(280792392, 253486797, 0)"
249,46.51285104572365,6.625696547559256,102,"(280792513, 582992380, 0)"
250,46.51302905856178,6.625671643333817,174,"(280792513, 564447984, 0)"
251,46.51257175021535,6.62573322277906,354,"(280792513, 20934845, 0)"
252,46.51386065338912,6.625564757815214,354,"(280792517, 266877374, 0)"
253,46.51437878982443,6.625503743287623,175,"(280792517, 253486798, 0)"
254,46.51479405659025,6.625451345363196,175,"(280792517, 253486798, 0)"
255,46.51440078025951,6.626431864795562,194,"(280792520, 280792523, 0)"
256,46.5141043041669,6.626067750329351,104,"(280792520, 280792517, 0)"
257,46.5154230828492,6.626313216191671,62,"(280792521, 582983777, 0)"
258,46.51578974338983,6.626695853163251,207,"(280792521, 288883221, 0)"
259,46.51494351234554,6.626137666282235,113,"(280792523, 267491469, 0)"
260,46.51419263906615,6.627216370691974,15,"(280792524, 269590745, 0)"
261,46.51468171755846,6.627025719686732,112,"(280792524, 610534584, 0)"
262,46.51367260774451,6.632185264438855,302,"(280792528, 564464316, 0)"
263,46.51415731211276,6.63085537898496,212,"(280792528, 282029464, 0)"
264,46.51233007155095,6.633322916351844,116,"(280792530, 269559117, 0)"
265,46.51385523094243,6.633314557846853,165,"(280792531, 280792535, 0)"
266,46.51425016297743,6.633191970187402,169,"(280792535, 280792538, 0)"
267,46.51478487795426,6.633051446547126,169,"(280792535, 280792538, 0)"
268,46.51358672786549,6.635956610356137,199,"(280798785, 597811438, 0)"
269,46.51277837188027,6.637218419759748,283,"(280798785, 280798788, 0)"
270,46.51273929774621,6.63748091243602,282,"(280798785, 280798788, 0)"
271,46.51411446344701,6.63947656396906,20,"(280798803, 280798794, 0)"
272,46.51202614401774,6.640579066822945,271,"(280798808, 568448150, 0)"
273,46.51129326760873,6.639544632044753,345,"(280798816, 280798829, 0)"
274,46.51129251371388,6.638666728928213,280,"(280798820, 5575576766, 0)"
275,46.51137619333502,6.638153232354455,290,"(280798822, 280798828, 0)"
276,46.51130790749656,6.638533823828382,284,"(280798822, 280798828, 0)"
277,46.51127367721431,6.639267509161955,176,"(280798828, 568441858, 0)"
278,46.51128240289841,6.639411784008237,263,"(280798828, 280798829, 0)"
279,46.51126557980938,6.639070541852913,90,"(280798828, 280798822, 0)"
280,46.51130790749656,6.638533823828382,104,"(280798828, 280798822, 0)"
281,46.51137619333502,6.638153232354455,110,"(280798828, 280798822, 0)"
282,46.51140608816247,6.640154094625326,250,"(280798829, 280798831, 0)"
283,46.51100460974494,6.639855310341203,346,"(280798829, 280798840, 0)"
284,46.51149285677725,6.640383164807714,238,"(280798831, 280798832, 0)"
285,46.51140608816247,6.640154094625326,70,"(280798831, 280798829, 0)"
286,46.51145034042933,6.640272096283627,335,"(280798831, 568441933, 0)"
287,46.51149285677725,6.640383164807714,58,"(280798832, 280798831, 0)"
288,46.51161584207026,6.640633739925935,326,"(280798832, 568441975, 0)"
289,46.51166397105244,6.64072818583191,227,"(280798832, 280798837, 0)"
290,46.51140023223569,6.638058120022222,216,"(280798834, 568457747, 0)"
291,46.51130790749656,6.638533823828382,99,"(280798835, 280798834, 0)"
292,46.51197368300567,6.640677132970843,307,"(280798837, 280798832, 0)"
293,46.51080557235525,6.639800375608445,194,"(280798840, 280798829, 0)"
294,46.51100460974494,6.639855310341203,166,"(280798840, 280798829, 0)"
295,46.51663923296616,6.623466507014674,93,"(281325145, 281325153, 0)"
296,46.51710652083884,6.618451793568398,130,"(281325160, 280595, 0)"
297,46.51748675685137,6.617792226936187,130,"(281325160, 280595, 0)"
298,46.51778261416506,6.617279011284041,130,"(281325160, 280595, 0)"
299,46.51729032607145,6.619694394848588,105,"(281388721, 571184244, 0)"
300,46.51757966535902,6.619810645703974,171,"(281388721, 282656489, 0)"
301,46.51798275000127,6.619734621990501,171,"(281388721, 282656489, 0)"
302,46.51802339004207,6.620894228838958,288,"(281388724, 282656481, 0)"
303,46.51826028925934,6.619983296088812,109,"(281388724, 282656489, 0)"
304,46.51415731211276,6.63085537898496,104,"(282029464, 282029468, 0)"
305,46.51387829196813,6.631739708178954,304,"(282029464, 564464318, 0)"
306,46.5144907247181,6.630551145162106,102,"(282029467, 282029468, 0)"
307,46.51442420855457,6.630202720166397,9,"(282029467, 282029468, 0)"
308,46.51422158539795,6.6304774316865,101,"(282029468, 282029467, 0)"
309,46.51442420855457,6.630202720166397,189,"(282029468, 282029467, 0)"
310,46.51415731211276,6.63085537898496,284,"(282029468, 282029464, 0)"
311,46.51476320152009,6.630769433851651,101,"(282029469, 8701417458, 0)"
312,46.5148014209574,6.630503620044033,281,"(282029473, 8701417458, 0)"
313,46.51463665411095,6.63164837206692,101,"(282029475, 282029469, 0)"
314,46.51459481915099,6.631909082238016,308,"(282029475, 674231032, 0)"
315,46.51449594298597,6.631789088824963,39,"(282029475, 282029464, 0)"
316,46.51705061601169,6.609547476782025,316,"(282645305, 592205181, 0)"
317,46.51709839541962,6.612100882625223,112,"(282645307, 592205750, 0)"
318,46.51714735134307,6.61234336718903,291,"(282645307, 574495022, 0)"
319,46.51704921975233,6.61376466180326,287,"(282645328, 280592, 0)"
320,46.5170749971105,6.613640465755367,194,"(282645328, 574495022, 0)"
321,46.51715890677355,6.613252349820677,111,"(282645328, 574495022, 0)"
322,46.5171854239068,6.612865615264325,20,"(282645328, 574495022, 0)"
323,46.51820580507849,6.613811427308279,325,"(282645379, 574618716, 0)"
324,46.51820580507849,6.613811427308279,303,"(282645379, 593800756, 0)"
325,46.51767886429352,6.614687819170561,118,"(282645398, 282645401, 0)"
326,46.51753587334042,6.614261788742505,310,"(282645398, 282645401, 0)"
327,46.51729548948571,6.614701292107458,303,"(282645398, 282645401, 0)"
328,46.51711837235708,6.615147481414347,300,"(282645398, 282645401, 0)"
329,46.51711837235708,6.615147481414347,120,"(282645401, 282645398, 0)"
330,46.51729548948571,6.614701292107458,123,"(282645401, 282645398, 0)"
331,46.51753587334042,6.614261788742505,130,"(282645401, 282645398, 0)"
332,46.51767886429352,6.614687819170561,298,"(282645401, 282645398, 0)"
333,46.51624177690771,6.613307318977444,111,"(282649029, 597641229, 0)"
334,46.5162065798573,6.61343497991694,24,"(282649029, 567544829, 0)"
335,46.51676804468534,6.617310801854932,274,"(282651593, 595687177, 0)"
336,46.51677622800702,6.617172069767334,5,"(282651593, 597654857, 0)"
337,46.5167962836614,6.616900946223923,94,"(282651593, 595687178, 0)"
338,46.51495236402759,6.620182426671291,28,"(282654081, 597656529, 0)"
339,46.51524582729763,6.620136897536876,118,"(282654081, 597656526, 0)"
340,46.51653539111563,6.624946973934612,25,"(282656437, 597693768, 0)"
341,46.51648791114703,6.625532931250688,293,"(282656437, 271330480, 0)"
342,46.51802339004207,6.620894228838958,108,"(282656481, 281388724, 0)"
343,46.517839035924,6.621821124695326,286,"(282656481, 595694085, 0)"
344,46.51776437034137,6.62219429868649,286,"(282656481, 595694085, 0)"
345,46.51786557993437,6.621694043226226,196,"(282656481, 595693942, 0)"
346,46.51716684250638,6.622456249823503,191,"(282656482, 282656486, 0)"
347,46.51781391889408,6.621941401052329,101,"(282656482, 282656486, 0)"
348,46.51671650448672,6.622106880586855,188,"(282656483, 571184249, 0)"
349,46.5165514393476,6.622428647253439,262,"(282656483, 580023613, 0)"
350,46.51663040291189,6.623331287932844,262,"(282656483, 580023613, 0)"
351,46.51704210881329,6.621171076456506,192,"(282656486, 282656482, 0)"
352,46.51781391889408,6.621941401052329,281,"(282656486, 282656482, 0)"
353,46.51826028925934,6.619983296088812,289,"(282656489, 281388724, 0)"
354,46.51835633229249,6.619583503461474,109,"(282656489, 282656490, 0)"
355,46.51803133336086,6.619224586571708,344,"(282656490, 571184244, 0)"
356,46.51764432396345,6.619396170674468,344,"(282656490, 571184244, 0)"
357,46.51858028502343,6.618899683118195,73,"(282656492, 574618935, 0)"
358,46.51578974338983,6.626695853163251,27,"(288883221, 280792521, 0)"
359,46.51628349196076,6.627073430524035,211,"(288883221, 288883227, 0)"
360,46.51615023381474,6.626677545767957,114,"(288883221, 606374209, 0)"
361,46.51628349196076,6.627073430524035,31,"(288883227, 288883221, 0)"
362,46.51578973922619,6.627983886678576,111,"(288883228, 4169291847, 0)"
363,46.51541121799474,6.632286957750654,107,"(288883231, 8701417450, 0)"
364,46.51552766716421,6.632258016264883,127,"(288883231, 288883263, 0)"
365,46.51579552522528,6.631688153490517,118,"(288883231, 288883263, 0)"
366,46.51601896554743,6.630797009394694,106,"(288883231, 288883263, 0)"
367,46.51599972056948,6.629487872789849,285,"(288883263, 8701417444, 0)"
368,46.51506063290107,6.63152608550166,280,"(288883266, 271330483, 0)"
369,46.51516387794676,6.630790646907582,99,"(288883266, 610539611, 0)"
370,46.515235261625,6.630254615672719,102,"(288883266, 610539611, 0)"
371,46.51901348417321,6.62610700829622,104,"(289087937, 256362036, 0)"
372,46.51913254862828,6.625420051928543,104,"(289087937, 256362036, 0)"
373,46.51939926103859,6.617589715813311,306,"(290287229, 280601, 0)"
374,46.51905029029221,6.616866337279302,79,"(290287229, 574634707, 0)"
375,46.51665779011773,6.619705334662036,276,"(295050661, 595687343, 0)"
376,46.5165879910566,6.620432523206554,276,"(295050661, 595687343, 0)"
377,46.51654918500126,6.621113574188368,277,"(295050661, 595687343, 0)"
378,46.51859955957897,6.630919490970799,289,"(303540190, 277059611, 0)"
379,46.51847082749129,6.630433006166778,67,"(303540190, 256362033, 0)"
380,46.51534258837309,6.615645070640776,194,"(304577575, 304577576, 0)"
381,46.51534258837309,6.615645070640776,14,"(304577576, 304577575, 0)"
382,46.51748242586753,6.628868081090735,101,"(311463544, 271330507, 0)"
383,46.51751301649988,6.628631988428108,101,"(311463544, 271330507, 0)"
384,46.5181830067334,6.61661523746601,310,"(312467642, 574634679, 0)"
385,46.51638194350355,6.627152568736576,288,"(313153403, 288883227, 0)"
386,46.51626670414928,6.626289634924704,33,"(313153403, 271330480, 0)"
387,46.51746628127265,6.627494898443474,263,"(313153403, 595258383, 0)"
388,46.51644723299438,6.625670913348316,107,"(313153403, 595694136, 0)"
389,46.5167073678178,6.611095832358128,100,"(318537738, 567541384, 0)"
390,46.51685556340237,6.610194396181243,94,"(318537743, 567497086, 0)"
391,46.50924828306359,6.626135041549206,178,"(321870262, 269946530, 0)"
392,46.50951791209589,6.626108313575654,174,"(321870262, 269946530, 0)"
393,46.51012420695792,6.624073645568221,131,"(321870267, 269591111, 0)"
394,46.50984570054276,6.624529422410041,207,"(321870267, 567886823, 0)"
395,46.51959923040458,6.629135936336014,194,"(330168196, 582971921, 0)"
396,46.5193007523651,6.629182155526992,294,"(330168196, 277059597, 0)"
397,46.51912281216445,6.629526993711847,310,"(330168196, 277059597, 0)"
398,46.51836863126594,6.628493900457144,295,"(330168201, 897959570, 0)"
399,46.51474429521789,6.636570810146688,20,"(330171530, 597811463, 0)"
400,46.51415513406982,6.637465546034703,22,"(330171532, 583819252, 0)"
401,46.51458189266443,6.637724580979877,292,"(330171532, 337907716, 0)"
402,46.51406203670193,6.641695521734009,95,"(330171539, 614228804, 0)"
403,46.51492983284167,6.639591259209569,129,"(330171544, 597831782, 0)"
404,46.51483763764143,6.639744757302204,34,"(330171544, 2549500330, 0)"
405,46.51472383629435,6.639984457372204,309,"(330171544, 337907729, 0)"
406,46.51505872767386,6.639951010930819,215,"(330171544, 337907775, 0)"
407,46.51458189266443,6.637724580979877,296,"(330171548, 330171532, 0)"
408,46.51889723153595,6.618529382362388,290,"(337863597, 282656492, 0)"
409,46.51893405664318,6.618389025676621,243,"(337863597, 267491473, 0)"
410,46.51392681545159,6.636139531716202,199,"(337907694, 597811446, 0)"
411,46.51384597260788,6.636088833514869,291,"(337907694, 613122183, 0)"
412,46.5141755613657,6.639293359245516,293,"(337907716, 280798803, 0)"
413,46.5141755613657,6.639293359245516,20,"(337907716, 337907720, 0)"
414,46.5141755613657,6.639293359245516,12,"(337907716, 337907720, 0)"
415,46.5141755613657,6.639293359245516,192,"(337907720, 337907716, 0)"
416,46.51411446344701,6.63947656396906,199,"(337907726, 337907729, 0)"
417,46.51465796634501,6.640125374209269,220,"(337907726, 337907729, 0)"
418,46.51458380789524,6.640298486278516,290,"(337907729, 614228804, 0)"
419,46.51465796634501,6.640125374209269,40,"(337907729, 337907726, 0)"
420,46.51473000939998,6.6403820256177,216,"(337907729, 337907736, 0)"
421,46.51473000939998,6.6403820256177,210,"(337907729, 337907736, 0)"
422,46.51553552825371,6.640700615629237,122,"(337907736, 337907769, 0)"
423,46.51548182754229,6.64080345427117,312,"(337907736, 614228854, 0)"
424,46.51548182754229,6.64080345427117,28,"(337907736, 337907729, 0)"
425,46.51473000939998,6.6403820256177,30,"(337907736, 337907729, 0)"
426,46.51473000939998,6.6403820256177,36,"(337907736, 337907729, 0)"
427,46.51548182754229,6.64080345427117,212,"(337907736, 337907748, 0)"
428,46.51616201527816,6.641078033572072,31,"(337907748, 337907736, 0)"
429,46.51548182754229,6.64080345427117,32,"(337907748, 337907736, 0)"
430,46.51640543926928,6.641260522905369,119,"(337907752, 337907758, 0)"
431,46.51640543926928,6.641260522905369,299,"(337907758, 337907752, 0)"
432,46.51640543926928,6.641260522905369,120,"(337907758, 337907822, 0)"
433,46.51553552825371,6.640700615629237,302,"(337907769, 337907736, 0)"
434,46.51577322905074,6.640685867071111,215,"(337907769, 597831881, 0)"
435,46.51558021305519,6.640486409002346,125,"(337907775, 337907798, 0)"
436,46.51608111860058,6.639222449560279,42,"(337907798, 337907819, 0)"
437,46.51508134364397,6.639355038391717,28,"(337907802, 3070594521, 0)"
438,46.51508134364397,6.639355038391717,214,"(337907802, 337907809, 0)"
439,46.51601362128947,6.63913244981075,306,"(337907809, 337907802, 0)"
440,46.51596130200242,6.639056697497805,305,"(337907819, 597819122, 0)"
441,46.51640543926928,6.641260522905369,300,"(337907822, 337907758, 0)"
442,46.51647693914541,6.639747523800636,33,"(337907822, 337907798, 0)"
443,46.51647693914541,6.639747523800636,56,"(337907822, 337907798, 0)"
444,46.51632599333863,6.639536113613032,36,"(337907822, 337907798, 0)"
445,46.51812204399841,6.616712644645919,109,"(360044657, 280597, 0)"
446,46.51807997519619,6.61748351986514,72,"(360044657, 280595, 0)"
447,46.51543697758672,6.627870282382301,94,"(362727784, 8701403515, 0)"
448,46.51528753011208,6.633548318290662,300,"(362743006, 597811221, 0)"
449,46.51433738641481,6.635665266369489,306,"(362743030, 597811446, 0)"
450,46.51669284824611,6.635639338415992,37,"(364353079, 597814497, 0)"
451,46.51689086758746,6.635648737240532,94,"(364353079, 563021306, 0)"
452,46.51568455578015,6.634651131952396,120,"(364353080, 330171531, 0)"
453,46.51594491146547,6.634859690871311,31,"(364353082, 364353080, 0)"
454,46.51571174243438,6.633371346157369,295,"(364353083, 597811166, 0)"
455,46.51942705398358,6.636313169766985,214,"(366998099, 561177335, 0)"
456,46.51926589156001,6.636155464285901,282,"(366998099, 155093762, 0)"
457,46.51897938280209,6.608647292280561,63,"(394659249, 268426413, 0)"
458,46.5189926472754,6.621212081394053,104,"(560903081, 566716942, 0)"
459,46.51942705398358,6.636313169766985,34,"(561177335, 366998099, 0)"
460,46.51704510400496,6.633005580868542,275,"(561463461, 270099337, 0)"
461,46.51763158569216,6.633596263585233,278,"(561509498, 277059604, 0)"
462,46.5176548997462,6.633352275394959,194,"(561509498, 565463834, 0)"
463,46.5176548997462,6.633352275394959,104,"(561509498, 2377810787, 0)"
464,46.51980218363643,6.630254054009616,280,"(562821040, 562821048, 0)"
465,46.51980218363643,6.630254054009616,100,"(562821048, 562821040, 0)"
466,46.51971376643156,6.631000881512302,276,"(562821048, 35295119, 0)"
467,46.51964986786704,6.631777628277694,276,"(562821048, 35295119, 0)"
468,46.51962455971832,6.623399877697431,302,"(563021122, 280612, 0)"
469,46.51947538265647,6.623737472616284,300,"(563021122, 280612, 0)"
470,46.51915524640513,6.622405342189804,242,"(563021131, 563021122, 0)"
471,46.51692873024926,6.634703488134994,94,"(563021306, 597811407, 0)"
472,46.51712387966761,6.634927419860022,184,"(563021306, 565466186, 0)"
473,46.51691033938572,6.635114120626747,275,"(563021306, 364353079, 0)"
474,46.51939187886261,6.62875582396088,20,"(564145988, 330168199, 0)"
475,46.51939816289893,6.609267705213064,155,"(564308353, 567143090, 0)"
476,46.51532519904013,6.62966954896964,282,"(564447988, 610539611, 0)"
477,46.50870290830465,6.627656864387616,16,"(564464284, 567914227, 0)"
478,46.50907512498922,6.627819455087247,196,"(564464284, 567914297, 0)"
479,46.50888862359265,6.627737937318382,286,"(564464284, 567914304, 0)"
480,46.51362158505658,6.633187281849873,215,"(564464318, 280792531, 0)"
481,46.51357087713028,6.63241556893358,124,"(564464318, 282029464, 0)"
482,46.51387829196813,6.631739708178954,124,"(564464318, 282029464, 0)"
483,46.51288976342965,6.633855683896728,146,"(564464328, 611672470, 0)"
484,46.51345774808851,6.633465882131909,163,"(564464333, 280792531, 0)"
485,46.51328485076487,6.633544863854206,336,"(564464333, 611672470, 0)"
486,46.5176548997462,6.633352275394959,14,"(565463834, 561509498, 0)"
487,46.51750673953855,6.634489908528737,276,"(565466186, 563021306, 0)"
488,46.51739395510275,6.633914562153514,14,"(565466186, 270099337, 0)"
489,46.51823487117214,6.639474231303853,30,"(565470501, 220817587, 0)"
490,46.51906757068087,6.620763147765985,186,"(566716942, 566716944, 0)"
491,46.51906757068087,6.620763147765985,103,"(566716942, 312467647, 0)"
492,46.51913439019959,6.620372562361709,103,"(566716942, 312467647, 0)"
493,46.51906757068087,6.620763147765985,6,"(566716944, 566716942, 0)"
494,46.51950647182294,6.609040312105678,291,"(567143090, 564308353, 0)"
495,46.51715132779402,6.607508078187221,91,"(567496965, 5282781127, 0)"
496,46.51777832564377,6.606627344161315,44,"(567496991, 504964, 0)"
497,46.51818640708864,6.607168720862511,223,"(567496991, 567497030, 0)"
498,46.5177839121712,6.606833025354287,312,"(567496991, 567496996, 0)"
499,46.5177839121712,6.606833025354287,132,"(567496996, 567496991, 0)"
500,46.51736718851547,6.607875918871065,294,"(567497012, 567497086, 0)"
501,46.51688728407718,6.609050759754694,296,"(567497012, 567497086, 0)"
502,46.51705061601169,6.609547476782025,295,"(567497012, 567497086, 0)"
503,46.51818640708864,6.607168720862511,43,"(567497030, 567496991, 0)"
504,46.51851751875905,6.607661020847724,225,"(567497030, 268426412, 0)"
505,46.51698688798047,6.608440781172772,136,"(567497041, 567497042, 0)"
506,46.51688728407718,6.609050759754694,271,"(567497041, 272832446, 0)"
507,46.51698688798047,6.608440781172772,316,"(567497042, 567497041, 0)"
508,46.51718143198905,6.608151887512644,135,"(567497042, 567496965, 0)"
509,46.51708155903417,6.608029523434356,85,"(567497042, 567496965, 1)"
510,46.51688305638535,6.609553489431002,91,"(567497086, 272832446, 0)"
511,46.51705061601169,6.609547476782025,115,"(567497086, 567497012, 0)"
512,46.51688728407718,6.609050759754694,116,"(567497086, 567497012, 0)"
513,46.51637363246098,6.61099730706021,40,"(567498731, 574442221, 0)"
514,46.51584029042197,6.606986240174123,111,"(567523409, 567523404, 0)"
515,46.51582928333384,6.607392088694362,201,"(567523409, 567523912, 0)"
516,46.515694796262,6.607504795138424,291,"(567523409, 256311259, 0)"
517,46.51613482080407,6.605605855729484,280,"(567523449, 567523404, 0)"
518,46.51696112501606,6.605533268815051,271,"(567523482, 567523738, 0)"
519,46.51611902962384,6.605736091115853,180,"(567523490, 574476935, 0)"
520,46.51603308955516,6.60624653181137,20,"(567523653, 567523405, 0)"
521,46.51692526693338,6.606052640747099,91,"(567523743, 567523738, 0)"
522,46.51690761104982,6.607408902344109,271,"(567523745, 567497041, 0)"
523,46.51687111067771,6.609905292836795,9,"(567541344, 567541346, 0)"
524,46.51685556340237,6.610194396181243,278,"(567541344, 567541384, 0)"
525,46.51688036165455,6.609696956383365,98,"(567541344, 272832446, 0)"
526,46.51687111067771,6.609905292836795,189,"(567541346, 567541344, 0)"
527,46.5167073678178,6.611095832358128,280,"(567541384, 318537738, 0)"
528,46.51512593915152,6.613729631909002,295,"(567544773, 567544791, 0)"
529,46.51520219386256,6.613802420316135,114,"(567544794, 567544805, 0)"
530,46.51520219386256,6.613802420316135,294,"(567544805, 567544794, 0)"
531,46.51657102011444,6.61201673453501,287,"(567544853, 567544854, 0)"
532,46.51657102011444,6.61201673453501,107,"(567544854, 567544853, 0)"
533,46.51645875340395,6.612493448466732,290,"(567544854, 597641229, 0)"
534,46.51499626002564,6.615387194691588,293,"(567547823, 567547857, 0)"
535,46.51499626002564,6.615387194691588,113,"(567547857, 567547823, 0)"
536,46.51504028705084,6.614448502277476,112,"(567547857, 269946392, 0)"
537,46.51633100449639,6.615814712191527,191,"(567547872, 597644357, 0)"
538,46.51633100449639,6.615814712191527,280,"(567547872, 597644357, 0)"
539,46.51630235831071,6.616021522876026,280,"(567547872, 597644357, 0)"
540,46.51630235831071,6.616021522876026,11,"(567547872, 597644357, 0)"
541,46.51556497671021,6.616146709289946,0,"(567549214, 567549241, 0)"
542,46.51555567937247,6.616570864421973,272,"(567549214, 574442233, 0)"
543,46.51529820721747,6.618051508514617,210,"(567550016, 567550030, 0)"
544,46.51538846959175,6.617800970586085,26,"(567550024, 567550022, 0)"
545,46.51529820721747,6.618051508514617,30,"(567550030, 567550016, 0)"
546,46.51356774160242,6.618085894035553,18,"(567557317, 269946394, 0)"
547,46.51420279091252,6.618762899413777,209,"(567557370, 567557375, 0)"
548,46.51503436016892,6.61861963499527,124,"(567557375, 597656450, 0)"
549,46.51253964253274,6.616887226466456,117,"(567593164, 4005542341, 0)"
550,46.51211976982025,6.617358308120886,19,"(567593164, 60940435, 0)"
551,46.51251312933672,6.617553773755724,198,"(567593164, 5280238452, 0)"
552,46.5085561222151,6.622556703774689,113,"(567803527, 269580061, 0)"
553,46.50868539071039,6.622137077911569,115,"(567803527, 269580061, 0)"
554,46.50878799661918,6.621855519941703,120,"(567803527, 269580061, 0)"
555,46.50897243712277,6.621430622486153,125,"(567803527, 269580061, 0)"
556,46.50914127572831,6.62112347863119,128,"(567803527, 269580061, 0)"
557,46.50932330437691,6.620822880087366,132,"(567803527, 269580061, 0)"
558,46.50957587052726,6.620436437336836,132,"(567803527, 269580061, 0)"
559,46.5083814606573,6.623162686012176,293,"(567803527, 35295091, 0)"
560,46.50819287669756,6.623746723074753,298,"(567803527, 35295091, 0)"
561,46.50788027177044,6.624432088106248,304,"(567803527, 35295091, 0)"
562,46.51073200413587,6.618633650870651,133,"(567817326, 3736991372, 0)"
563,46.51072617816288,6.618824954619924,187,"(567817326, 3736991372, 1)"
564,46.51087768657398,6.618591500068675,71,"(567817326, 3736991372, 1)"
565,46.51030345318448,6.619292799952822,313,"(567817326, 5237692125, 0)"
566,46.51019624059141,6.620544796398957,38,"(567817434, 269580061, 0)"
567,46.51076274358941,6.620246628967919,133,"(567817434, 567818262, 0)"
568,46.51125990869415,6.619389638820536,134,"(567817434, 567818262, 0)"
569,46.51143532083672,6.619052104460906,132,"(567817434, 567818262, 0)"
570,46.51143532083672,6.619052104460906,312,"(567818262, 567817434, 0)"
571,46.51125990869415,6.619389638820536,314,"(567818262, 567817434, 0)"
572,46.51076274358941,6.620246628967919,313,"(567818262, 567817434, 0)"
573,46.51159332005923,6.622392150220383,129,"(567833942, 567833659, 0)"
574,46.51440339674967,6.619943083137113,28,"(567834737, 567834706, 0)"
575,46.51440339674967,6.619943083137113,137,"(567834737, 253487084, 0)"
576,46.51035072640386,6.621008627217577,129,"(567871332, 567871335, 0)"
577,46.5103987058091,6.62146492891074,231,"(567871332, 567871366, 0)"
578,46.51035072640386,6.621008627217577,309,"(567871335, 567871332, 0)"
579,46.5100987634187,6.621435753867161,236,"(567871341, 567871347, 0)"
580,46.5100987634187,6.621435753867161,56,"(567871347, 567871341, 0)"
581,46.5103987058091,6.62146492891074,51,"(567871366, 567871332, 0)"
582,46.51107622641516,6.621610018774817,217,"(567872172, 567872232, 0)"
583,46.51154119584294,6.622279869166363,53,"(567872230, 567872182, 0)"
584,46.5116916168574,6.622601058625048,293,"(567872232, 567872233, 0)"
585,46.51154119584294,6.622279869166363,25,"(567872232, 567872172, 0)"
586,46.51107622641516,6.621610018774817,37,"(567872232, 567872172, 0)"
587,46.5116916168574,6.622601058625048,113,"(567872233, 567872232, 0)"
588,46.51189314385712,6.622893062584349,296,"(567872244, 567872248, 1)"
589,46.51175822592417,6.622697564782149,117,"(567872244, 567872248, 1)"
590,46.51175822592417,6.622697564782149,297,"(567872248, 567872244, 0)"
591,46.51079940082308,6.623020308620037,132,"(567874786, 269946483, 0)"
592,46.5105286154575,6.623433249540364,312,"(567874786, 269591111, 0)"
593,46.51067187937382,6.62323030692871,204,"(567874786, 567875367, 0)"
594,46.51086505307095,6.622909396544713,310,"(567875367, 567874786, 0)"
595,46.51096233658809,6.623904046061901,26,"(567875422, 567878288, 0)"
596,46.51106250873475,6.623966068818235,110,"(567875422, 567874840, 0)"
597,46.51126851427459,6.624085340596063,294,"(567875479, 273490462, 0)"
598,46.51179998555774,6.624297544659857,287,"(567875505, 567875537, 0)"
599,46.51161661873601,6.624230441423484,196,"(567875525, 567875537, 0)"
600,46.51152800591765,6.624197995828529,114,"(567875525, 567875520, 0)"
601,46.51161661873601,6.624230441423484,16,"(567875537, 567875525, 0)"
602,46.51179998555774,6.624297544659857,107,"(567875537, 567875505, 0)"
603,46.51206684381345,6.624415484486237,286,"(567875563, 567875585, 0)"
604,46.51188425667023,6.624332374839934,16,"(567875585, 567881561, 0)"
605,46.51206684381345,6.624415484486237,106,"(567875585, 567875563, 0)"
606,46.51005945687863,6.622961116729897,300,"(567877451, 567877457, 0)"
607,46.51010105134646,6.623135122167554,152,"(567877457, 269591111, 0)"
608,46.5105701160769,6.623647311854793,26,"(567878288, 269591111, 0)"
609,46.51096233658809,6.623904046061901,206,"(567878288, 567875422, 0)"
610,46.5107081786095,6.623746514062685,296,"(567878288, 567878281, 0)"
611,46.51110935109266,6.624501364476521,194,"(567881491, 567881538, 0)"
612,46.51136819740636,6.624130368202008,16,"(567881520, 273490462, 0)"
613,46.5114428751319,6.62416401060867,286,"(567881520, 567881536, 0)"
614,46.5114428751319,6.62416401060867,106,"(567881536, 567881520, 0)"
615,46.51179998555774,6.624297544659857,195,"(567881537, 567881846, 0)"
616,46.51188425667023,6.624332374839934,196,"(567881561, 567875585, 0)"
617,46.51179998555774,6.624297544659857,285,"(567881561, 567881815, 0)"
618,46.51179998555774,6.624297544659857,105,"(567881815, 567881561, 0)"
619,46.51225165760397,6.624499635055844,196,"(567881846, 269946420, 0)"
620,46.51215795816823,6.624456954429252,285,"(567881846, 567881537, 0)"
621,46.51110935109266,6.624501364476521,193,"(567881877, 269590755, 1)"
622,46.51110935109266,6.624501364476521,285,"(567882824, 567882824, 0)"
623,46.51110935109266,6.624501364476521,105,"(567882824, 567882824, 1)"
624,46.51197002969162,6.625800017131824,83,"(567882878, 567882860, 0)"
625,46.51231738784998,6.625060236809197,14,"(567882978, 567882860, 0)"
626,46.50990241172658,6.624436622624638,299,"(567886749, 567886823, 0)"
627,46.50984570054276,6.624529422410041,27,"(567886823, 321870267, 0)"
628,46.51007767485483,6.625473786056445,209,"(567886823, 269590755, 0)"
629,46.50990241172658,6.624436622624638,119,"(567886823, 567886749, 0)"
630,46.50945396013282,6.625105223197004,118,"(567888583, 269591107, 0)"
631,46.50930521756084,6.625478921412652,299,"(567888583, 269946531, 0)"
632,46.50935765475442,6.62534918951148,207,"(567888583, 567888604, 0)"
633,46.50971387452829,6.625177345292442,27,"(567888596, 269591107, 0)"
634,46.5098751596913,6.625312241003842,299,"(567888596, 567888623, 0)"
635,46.50938093719533,6.625652216580477,30,"(567888604, 269946531, 0)"
636,46.50946619823407,6.625723307140194,120,"(567888604, 567888583, 0)"
637,46.50965262327656,6.625878674711892,30,"(567888623, 567888604, 0)"
638,46.5098751596913,6.625312241003842,119,"(567888623, 567888596, 0)"
639,46.50811634743116,6.625397102345034,209,"(567899538, 273490458, 0)"
640,46.50803099077974,6.625326428125881,300,"(567899538, 567899488, 0)"
641,46.50786224547484,6.625186756982008,29,"(567899538, 35295091, 0)"
642,46.51187231167278,6.625813922359222,281,"(567901690, 695123217, 0)"
643,46.51166407576249,6.625843715111071,355,"(567901690, 564464303, 0)"
644,46.51129900837708,6.627220587205011,6,"(567901720, 695123190, 0)"
645,46.50748157818671,6.62741529579596,260,"(567914107, 567914168, 0)"
646,46.5073881003263,6.627432527996816,352,"(567914107, 35295159, 0)"
647,46.50870290830465,6.627656864387616,196,"(567914227, 564464284, 0)"
648,46.50852230521385,6.627577939166327,276,"(567914227, 567914298, 0)"
649,46.50907512498922,6.627819455087247,16,"(567914297, 564464284, 0)"
650,46.50916236964859,6.62785759824052,285,"(567914297, 567914324, 0)"
651,46.5093398129315,6.627935094689169,196,"(567914297, 35295157, 0)"
652,46.50818699617496,6.628852412556422,247,"(567921216, 269591979, 0)"
653,46.50818699617496,6.628852412556422,265,"(567921216, 567921225, 0)"
654,46.50811188686456,6.62797218919126,91,"(567921216, 35295158, 0)"
655,46.50818699617496,6.628852412556422,85,"(567921225, 567921216, 0)"
656,46.50794393291972,6.629116606728275,346,"(567921225, 271330482, 0)"
657,46.50836877843073,6.62945237648066,264,"(567921225, 567921412, 0)"
658,46.50836877843073,6.62945237648066,84,"(567921412, 567921225, 0)"
659,46.50718637019854,6.633648780963367,111,"(567923212, 265720715, 0)"
660,46.50733590047351,6.632222920993827,85,"(567923212, 265720715, 0)"
661,46.50731205871812,6.631959072743889,79,"(567923212, 265720715, 0)"
662,46.50727872917541,6.631692233829404,76,"(567923212, 265720715, 0)"
663,46.50720508891837,6.631308012333739,71,"(567923212, 265720715, 0)"
664,46.50818637610964,6.637739666366321,213,"(567931579, 663443787, 0)"
665,46.50764359255323,6.637474338189852,12,"(567931579, 268655025, 0)"
666,46.50924423784225,6.639107781531906,276,"(567931610, 663443782, 0)"
667,46.50915378183694,6.639143970235434,2,"(567931610, 663443782, 0)"
668,46.5086784146846,6.639219689260264,346,"(567931610, 663443782, 0)"
669,46.50840917124157,6.639364085822248,322,"(567931610, 663443782, 0)"
670,46.50887505365016,6.636970319025474,9,"(567933014, 567932997, 0)"
671,46.50887505365016,6.636970319025474,297,"(567933014, 1433170957, 0)"
672,46.50919957459679,6.629961677387555,289,"(567951312, 3516966900, 0)"
673,46.51026666876167,6.633620455582342,192,"(567951517, 567951576, 0)"
674,46.50979946743369,6.63449654735089,297,"(567951570, 567951592, 0)"
675,46.51004018991196,6.634036835602653,129,"(567951570, 567951586, 0)"
676,46.50992414127165,6.634258470404697,36,"(567951570, 567951586, 1)"
677,46.51026666876167,6.633620455582342,12,"(567951576, 567951517, 0)"
678,46.51026666876167,6.633620455582342,304,"(567951583, 567951592, 0)"
679,46.50998187352833,6.634148237836154,307,"(567951583, 567951592, 0)"
680,46.51021216969909,6.633720736412224,358,"(567951586, 567951570, 1)"
681,46.50972896298264,6.634631133988265,127,"(567951592, 567951583, 0)"
682,46.50998187352833,6.634148237836154,127,"(567951592, 567951583, 0)"
683,46.50955481013876,6.636975362925708,181,"(568419406, 568419458, 0)"
684,46.50955481013876,6.636975362925708,269,"(568419406, 568419458, 0)"
685,46.50936239547044,6.637155611884586,359,"(568419458, 1433170957, 0)"
686,46.50905962632471,6.637154772837524,347,"(568419458, 1433170957, 0)"
687,46.50955481013876,6.636975362925708,89,"(568419458, 568419406, 0)"
688,46.50955481013876,6.636975362925708,1,"(568419458, 568419406, 0)"
689,46.51090236427996,6.636224408838553,246,"(568428541, 266381294, 0)"
690,46.51047241968009,6.637149339358148,256,"(568428608, 568428613, 0)"
691,46.51047241968009,6.637149339358148,76,"(568428613, 568428608, 0)"
692,46.5104878835833,6.636243335883771,38,"(568433702, 568419454, 0)"
693,46.5105349565018,6.638851478616888,200,"(568441697, 568441784, 0)"
694,46.51076754013918,6.637952176080046,290,"(568441714, 568441731, 0)"
695,46.51084446017195,6.637675538088763,111,"(568441714, 266381300, 0)"
696,46.51076754013918,6.637952176080046,110,"(568441731, 568441714, 0)"
697,46.51069834130895,6.638210157939124,198,"(568441731, 568441746, 0)"
698,46.51063107829382,6.638474162295958,290,"(568441731, 568441697, 0)"
699,46.51069834130895,6.638210157939124,18,"(568441746, 568441731, 0)"
700,46.51126557980938,6.639070541852913,359,"(568441784, 568441697, 0)"
701,46.51127367721431,6.639267509161955,356,"(568441858, 280798828, 0)"
702,46.51161584207026,6.640633739925935,146,"(568441975, 280798832, 0)"
703,46.51202614401774,6.640579066822945,91,"(568448150, 280798808, 0)"
704,46.51222527940353,6.641465939424106,181,"(568448150, 568448151, 0)"
705,46.51124693448569,6.637606910634164,150,"(568457718, 568457727, 0)"
706,46.51182999465497,6.637154352487413,150,"(568457718, 568457727, 0)"
707,46.51182999465497,6.637154352487413,330,"(568457727, 568457718, 0)"
708,46.51140023223569,6.638058120022222,150,"(568457741, 568457765, 0)"
709,46.51140023223569,6.638058120022222,36,"(568457747, 280798834, 0)"
710,46.51140023223569,6.638058120022222,330,"(568457765, 568457741, 0)"
711,46.50956245291577,6.62478716583433,118,"(568828609, 269591108, 0)"
712,46.50921899546076,6.624686826093311,28,"(568828609, 269946532, 0)"
713,46.51803109786323,6.62735466173571,300,"(570302220, 271330501, 0)"
714,46.51726545403498,6.619269472713574,26,"(571184244, 281325160, 0)"
715,46.51671650448672,6.622106880586855,8,"(571184249, 282656483, 0)"
716,46.51579712775148,6.621753864694902,85,"(573529501, 597693523, 0)"
717,46.51518513589691,6.60932817034772,111,"(574442218, 256311259, 0)"
718,46.51536039862108,6.608699322272174,111,"(574442218, 256311259, 0)"
719,46.5161213232253,6.610712769603395,110,"(574442221, 5282781122, 0)"
720,46.51555567937247,6.616570864421973,92,"(574442233, 567549214, 0)"
721,46.51712477250231,6.612221173296343,253,"(574442314, 597641352, 0)"
722,46.51611902962384,6.605736091115853,0,"(574476935, 567523490, 0)"
723,46.5171854239068,6.612865615264325,200,"(574495022, 282645328, 0)"
724,46.51715890677355,6.613252349820677,291,"(574495022, 282645328, 0)"
725,46.51838718562148,6.616352763913095,20,"(574618873, 593815192, 0)"
726,46.51831444070398,6.618096388248307,49,"(574618935, 360044657, 0)"
727,46.51799352683474,6.616918110926399,311,"(574634679, 280595, 0)"
728,46.5181830067334,6.61661523746601,130,"(574634679, 312467642, 0)"
729,46.51905029029221,6.616866337279302,259,"(574634707, 290287229, 0)"
730,46.51663040291189,6.623331287932844,82,"(580023613, 282656483, 0)"
731,46.51959923040458,6.629135936336014,14,"(582971921, 330168196, 0)"
732,46.51980412556888,6.628729551711067,97,"(582971921, 582974430, 0)"
733,46.5154230828492,6.626313216191671,242,"(582983777, 280792521, 0)"
734,46.51530707429179,6.62590987460319,65,"(582983777, 253486799, 0)"
735,46.51511102785511,6.626352368662483,300,"(582983777, 610534586, 0)"
736,46.5148450734789,6.626995493120541,295,"(582983789, 610534588, 0)"
737,46.51235663205867,6.62479557675634,283,"(582992340, 582992363, 0)"
738,46.51235663205867,6.62479557675634,101,"(582992360, 269946420, 0)"
739,46.51233660135825,6.624928594886481,191,"(582992360, 582992363, 0)"
740,46.51229841932327,6.62519019536062,281,"(582992360, 20934845, 0)"
741,46.51233660135825,6.624928594886481,191,"(582992363, 582992380, 0)"
742,46.51233660135825,6.624928594886481,11,"(582992363, 582992360, 0)"
743,46.51231738784998,6.625060236809197,280,"(582992363, 582992371, 0)"
744,46.51235663205867,6.62479557675634,103,"(582992363, 582992340, 0)"
745,46.51231738784998,6.625060236809197,100,"(582992371, 582992363, 0)"
746,46.51285104572365,6.625696547559256,282,"(582992380, 280792513, 0)"
747,46.51233660135825,6.624928594886481,11,"(582992380, 582992363, 0)"
748,46.51550757092382,6.638757738085816,142,"(583819261, 583819263, 0)"
749,46.51544020307792,6.638840674106508,29,"(583819261, 614227803, 0)"
750,46.51550757092382,6.638757738085816,322,"(583819263, 583819261, 0)"
751,46.51709286184446,6.610321606542096,309,"(592205181, 266877376, 0)"
752,46.5170455712456,6.610370235066199,304,"(592205181, 266877376, 0)"
753,46.51709286184446,6.610321606542096,216,"(592205181, 592205489, 0)"
754,46.51870827229649,6.609284166074571,126,"(592205376, 592205814, 0)"
755,46.51699201269978,6.611615693124939,202,"(592205661, 592205687, 0)"
756,46.51699201269978,6.611615693124939,22,"(592205687, 592205661, 0)"
757,46.51709839541962,6.612100882625223,202,"(592205687, 592205750, 0)"
758,46.51709839541962,6.612100882625223,293,"(592205687, 592205704, 0)"
759,46.51709839541962,6.612100882625223,113,"(592205704, 592205687, 0)"
760,46.51709839541962,6.612100882625223,292,"(592205750, 282645307, 0)"
761,46.51709839541962,6.612100882625223,22,"(592205750, 592205687, 0)"
762,46.51901230760306,6.609168330549995,243,"(592205814, 592205833, 0)"
763,46.51901230760306,6.609168330549995,322,"(592205814, 592205376, 0)"
764,46.51901230760306,6.609168330549995,63,"(592205833, 592205814, 0)"
765,46.51913651457238,6.609584122338895,313,"(592205833, 592205607, 0)"
766,46.5197883043574,6.610539895713728,83,"(592205905, 592205873, 0)"
767,46.51860289654618,6.614898864342743,197,"(593800756, 593815187, 0)"
768,46.51870850794937,6.614332225425499,128,"(593800756, 593800764, 0)"
769,46.51820580507849,6.613811427308279,123,"(593800756, 282645379, 0)"
770,46.51870850794937,6.614332225425499,308,"(593800764, 593800756, 0)"
771,46.51888318987567,6.614042791953771,220,"(593800764, 1124830097, 0)"
772,46.5174179986343,6.616503738699387,210,"(593815168, 593815365, 0)"
773,46.51713811927915,6.616255965636913,30,"(593815168, 280591, 0)"
774,46.51723488661828,6.616342670164837,122,"(593815168, 593815210, 0)"
775,46.5184583712774,6.614831791872597,283,"(593815180, 593815187, 0)"
776,46.51860289654618,6.614898864342743,17,"(593815187, 593800756, 0)"
777,46.51924885487066,6.615604228022443,236,"(593815187, 253487541, 0)"
778,46.51940816643388,6.615926779654347,227,"(593815187, 253487541, 0)"
779,46.51951780711366,6.616131358413384,239,"(593815187, 253487541, 0)"
780,46.51966062774826,6.616601087991113,254,"(593815187, 253487541, 0)"
781,46.51838718562148,6.616352763913095,200,"(593815192, 574618873, 0)"
782,46.517592725432,6.616656769395303,292,"(593815240, 593815365, 0)"
783,46.5174179986343,6.616503738699387,30,"(593815365, 593815168, 0)"
784,46.517592725432,6.616656769395303,112,"(593815365, 593815240, 0)"
785,46.51892577935092,6.623973925573293,294,"(595258006, 595258226, 0)"
786,46.51872939194801,6.62448837332562,301,"(595258006, 595258226, 0)"
787,46.5185242416427,6.624950383085365,121,"(595258226, 595258006, 0)"
788,46.51872939194801,6.62448837332562,121,"(595258226, 595258006, 0)"
789,46.51854334466488,6.625207342621509,210,"(595258226, 595258306, 0)"
790,46.51863658080908,6.625521503678962,298,"(595258226, 595258306, 0)"
791,46.51863658080908,6.625521503678962,118,"(595258306, 595258226, 0)"
792,46.51890396871254,6.625184515870318,121,"(595258306, 256362036, 0)"
793,46.5174402833141,6.627237373911577,285,"(595258310, 595258387, 0)"
794,46.51745733121233,6.627371996226685,266,"(595258358, 595258387, 0)"
795,46.51746628127265,6.627494898443474,83,"(595258383, 313153403, 0)"
796,46.5174402833141,6.627237373911577,105,"(595258387, 595258310, 0)"
797,46.51929177079868,6.622794917547059,165,"(595259511, 595259530, 0)"
798,46.51929177079868,6.622794917547059,345,"(595259530, 595259511, 0)"
799,46.51920775409774,6.622559516423978,63,"(595259530, 560903081, 0)"
800,46.5190665491503,6.622106883689685,66,"(595259530, 560903081, 0)"
801,46.51914113762037,6.621526347849522,10,"(595264956, 560903081, 0)"
802,46.51922350460971,6.621544627492815,99,"(595264957, 595264958, 0)"
803,46.51922350460971,6.621544627492815,279,"(595264958, 595264957, 0)"
804,46.51676804468534,6.617310801854932,94,"(595687177, 282651593, 0)"
805,46.51673204188457,6.617918321111537,274,"(595687177, 256188313, 0)"
806,46.51675160967672,6.617588164098176,204,"(595687177, 595687227, 0)"
807,46.5167962836614,6.616900946223923,274,"(595687178, 282651593, 0)"
808,46.51682779430789,6.61649315876932,94,"(595687178, 280591, 0)"
809,46.51680653047438,6.616764783083724,193,"(595687178, 595687196, 0)"
810,46.51675160967672,6.617588164098176,307,"(595687227, 595687177, 0)"
811,46.51675160967672,6.617588164098176,24,"(595687227, 595687177, 0)"
812,46.51662059087531,6.62207169818559,188,"(595687343, 595687371, 0)"
813,46.51652398814885,6.621774820553014,87,"(595687343, 295050661, 0)"
814,46.51654918500126,6.621113574188368,97,"(595687343, 295050661, 0)"
815,46.5165879910566,6.620432523206554,96,"(595687343, 295050661, 0)"
816,46.51665779011773,6.619705334662036,96,"(595687343, 295050661, 0)"
817,46.51662059087531,6.62207169818559,8,"(595687371, 595687343, 0)"
818,46.51713106685312,6.620636486027645,286,"(595693668, 595693704, 0)"
819,46.51711022313835,6.620773416957122,189,"(595693692, 595693704, 0)"
820,46.5171506171272,6.620507870851501,103,"(595693692, 281388725, 0)"
821,46.51713106685312,6.620636486027645,106,"(595693704, 595693668, 0)"
822,46.51755456917696,6.62015590212147,5,"(595693820, 281388725, 0)"
823,46.51706669607391,6.622434268522968,269,"(595693960, 595693990, 0)"
824,46.51706669607391,6.622434268522968,89,"(595693990, 595693960, 0)"
825,46.51764154268039,6.622512668805356,285,"(595694085, 595694113, 0)"
826,46.51776437034137,6.62219429868649,106,"(595694085, 282656481, 0)"
827,46.51755245077921,6.6225315541649,280,"(595694086, 595694124, 0)"
828,46.51746339056413,6.622532081940769,10,"(595694086, 595693960, 0)"
829,46.51764154268039,6.622512668805356,105,"(595694113, 595694085, 0)"
830,46.51676280625583,6.625260906840612,71,"(595694136, 282656437, 0)"
831,46.51624177690771,6.613307318977444,291,"(597641229, 282649029, 0)"
832,46.51631114637287,6.613055675100178,203,"(597641229, 597641352, 0)"
833,46.51717784922447,6.613121346031722,108,"(597641229, 597641352, 0)"
834,46.51717784922447,6.613121346031722,288,"(597641352, 597641229, 0)"
835,46.51716050577372,6.612471640169705,79,"(597641352, 574442314, 0)"
836,46.51712477250231,6.612221173296343,73,"(597641352, 574442314, 0)"
837,46.51715890677355,6.613252349820677,107,"(597641353, 597641350, 0)"
838,46.51697194158252,6.614168155492487,95,"(597641444, 597641405, 1)"
839,46.51694419690784,6.614558179578083,94,"(597641485, 280592, 0)"
840,46.51692141444509,6.61496693709558,274,"(597641485, 282645401, 0)"
841,46.51692857832509,6.614819010447511,4,"(597641485, 597641465, 0)"
842,46.51676450514842,6.615636068230684,234,"(597643378, 282645399, 0)"
843,46.51556497671021,6.616146709289946,188,"(597644357, 567547872, 0)"
844,46.51630235831071,6.616021522876026,191,"(597644357, 567547872, 0)"
845,46.51630235831071,6.616021522876026,100,"(597644357, 567547872, 0)"
846,46.51633100449639,6.615814712191527,100,"(597644357, 567547872, 0)"
847,46.51633100449639,6.615814712191527,11,"(597644357, 567547872, 0)"
848,46.51556497671021,6.616146709289946,191,"(597644358, 597644412, 0)"
849,46.51556497671021,6.616146709289946,11,"(597644412, 597644358, 0)"
850,46.51553847480183,6.616973605973998,190,"(597654760, 597654769, 0)"
851,46.51553847480183,6.616973605973998,190,"(597654763, 597654766, 0)"
852,46.51553847480183,6.616973605973998,10,"(597654769, 597654760, 0)"
853,46.51541233611005,6.617671630776179,286,"(597654778, 567550024, 0)"
854,46.5156034546191,6.61801392077034,22,"(597654812, 256188314, 0)"
855,46.51630235831071,6.616021522876026,93,"(597654838, 597654839, 0)"
856,46.51681719753677,6.616626455231231,275,"(597654838, 597654857, 0)"
857,46.51630235831071,6.616021522876026,273,"(597654839, 597654838, 0)"
858,46.51677622800702,6.617172069767334,185,"(597654857, 282651593, 0)"
859,46.5167860864068,6.61703625092097,93,"(597654857, 597654838, 0)"
860,46.51676804468534,6.617310801854932,272,"(597654857, 597654903, 0)"
861,46.51675160967672,6.617588164098176,94,"(597654897, 597654903, 0)"
862,46.51635568111892,6.618446142537274,109,"(597654925, 597654939, 0)"
863,46.51503436016892,6.61861963499527,304,"(597656450, 567557375, 0)"
864,46.51508388895956,6.618513315227678,209,"(597656450, 597656461, 0)"
865,46.51518981635301,6.618285215215002,124,"(597656450, 567550030, 0)"
866,46.51482182947198,6.619076024123657,304,"(597656452, 253487084, 0)"
867,46.5149274645481,6.618849162730083,214,"(597656452, 597656470, 0)"
868,46.51508388895956,6.618513315227678,29,"(597656461, 597656450, 0)"
869,46.5149274645481,6.618849162730083,34,"(597656470, 597656452, 0)"
870,46.51479660072215,6.620062588588564,298,"(597656513, 597656529, 0)"
871,46.51542748605733,6.619626590114891,118,"(597656526, 597673888, 0)"
872,46.51495236402759,6.620182426671291,208,"(597656529, 282654081, 0)"
873,46.51479660072215,6.620062588588564,118,"(597656529, 597656513, 0)"
874,46.51470728519002,6.619993790039541,28,"(597656529, 253487084, 0)"
875,46.51573894524643,6.618752395586237,204,"(597673790, 597673824, 0)"
876,46.51565054781415,6.618999978111932,206,"(597673802, 597673860, 0)"
877,46.5158759412996,6.618369991015956,116,"(597673822, 282654083, 0)"
878,46.51573894524643,6.618752395586237,24,"(597673824, 597673790, 0)"
879,46.51565054781415,6.618999978111932,26,"(597673860, 597673802, 0)"
880,46.51551699671374,6.619375089395014,206,"(597673888, 597673894, 0)"
881,46.51551699671374,6.619375089395014,26,"(597673894, 597673888, 0)"
882,46.51613545516469,6.620179640460982,211,"(597673976, 597674071, 0)"
883,46.51551699671374,6.619375089395014,24,"(597674006, 597673930, 0)"
884,46.5155786376876,6.620672461671043,298,"(597674052, 597674075, 0)"
885,46.5159510290076,6.62051743601435,306,"(597674067, 35295097, 0)"
886,46.51600935256847,6.620409587871486,21,"(597674071, 597673976, 1)"
887,46.5155786376876,6.620672461671043,118,"(597674075, 597674052, 0)"
888,46.51534305574122,6.620486633682018,28,"(597674075, 282654081, 0)"
889,46.51611224735468,6.618295149174456,23,"(597674079, 282654083, 0)"
890,46.51635568111892,6.618446142537274,296,"(597674079, 597674093, 0)"
891,46.51635568111892,6.618446142537274,116,"(597674093, 597674079, 0)"
892,46.51577921892472,6.621346400538579,181,"(597693523, 597693678, 0)"
893,46.51579123957647,6.621620034512948,265,"(597693523, 573529501, 0)"
894,46.51579712775148,6.621753864694902,265,"(597693523, 573529501, 0)"
895,46.51577312746927,6.62120843395256,85,"(597693523, 35295097, 0)"
896,46.51428742184014,6.635778805843164,305,"(597811131, 597811438, 0)"
897,46.51566826004903,6.633511730924385,209,"(597811166, 597811210, 0)"
898,46.51544739873999,6.634208237750356,295,"(597811187, 364353080, 0)"
899,46.51551885308935,6.633998981295123,207,"(597811187, 597811241, 0)"
900,46.51555305074198,6.63388385518883,295,"(597811189, 597811187, 0)"
901,46.51558682638568,6.633774724456128,208,"(597811193, 597811208, 0)"
902,46.51558682638568,6.633774724456128,28,"(597811208, 597811193, 0)"
903,46.51566826004903,6.633511730924385,29,"(597811210, 597811166, 0)"
904,46.51462734975309,6.635029965395751,301,"(597811221, 362743030, 0)"
905,46.51479480049606,6.634665142922864,121,"(597811221, 597811226, 0)"
906,46.51479480049606,6.634665142922864,301,"(597811226, 597811221, 0)"
907,46.5154658712912,6.635381148657668,111,"(597811238, 597811254, 0)"
908,46.51560592892998,6.635013067153555,117,"(597811254, 364353080, 0)"
909,46.51550998598542,6.635262934024189,29,"(597811254, 597811238, 0)"
910,46.51692873024926,6.634703488134994,274,"(597811407, 563021306, 0)"
911,46.51694464893725,6.634416686892581,95,"(597811407, 270099337, 0)"
912,46.51358672786549,6.635956610356137,19,"(597811438, 280798785, 0)"
913,46.51392681545159,6.636139531716202,19,"(597811446, 337907694, 0)"
914,46.51433738641481,6.635665266369489,126,"(597811446, 362743030, 0)"
915,46.51445120877548,6.63642050860017,20,"(597811463, 597811446, 0)"
916,46.51474429521789,6.636570810146688,200,"(597811463, 330171530, 0)"
917,46.51474429521789,6.636570810146688,118,"(597811463, 597811465, 0)"
918,46.51474429521789,6.636570810146688,298,"(597811465, 597811463, 0)"
919,46.5154658712912,6.635381148657668,207,"(597814446, 597814469, 0)"
920,46.5154658712912,6.635381148657668,27,"(597814469, 597814446, 0)"
921,46.51650950754865,6.635442006592129,125,"(597814494, 597814497, 0)"
922,46.51634401237771,6.635263808998751,37,"(597814497, 364353082, 0)"
923,46.51650950754865,6.635442006592129,305,"(597814497, 597814494, 0)"
924,46.51593209367163,6.638315434958866,324,"(597819089, 330171546, 0)"
925,46.51579354290431,6.638728458055523,52,"(597819111, 583819263, 0)"
926,46.51585070811674,6.638854093271029,146,"(597819111, 597819191, 0)"
927,46.51544020307792,6.638840674106508,135,"(597819122, 597819122, 0)"
928,46.51544020307792,6.638840674106508,315,"(597819122, 597819122, 1)"
929,46.51492983284167,6.639591259209569,309,"(597831782, 330171544, 0)"
930,46.51508134364397,6.639355038391717,214,"(597831782, 597831800, 0)"
931,46.51508134364397,6.639355038391717,34,"(597831800, 597831782, 0)"
932,46.5160863111738,6.641003613009701,214,"(597831881, 597831931, 0)"
933,46.51624958588951,6.641143728852422,306,"(597831928, 597831932, 0)"
934,46.51616201527816,6.641078033572072,304,"(597831929, 597831931, 0)"
935,46.51633164999073,6.64120518015441,210,"(597831932, 337907758, 0)"
936,46.51809017571328,6.640292301265792,206,"(597831970, 35297477, 0)"
937,46.51797604291558,6.640708878987321,117,"(597832012, 35297477, 0)"
938,46.51860493175513,6.641553067706873,120,"(597832049, 35297476, 0)"
939,46.51870917508234,6.641295257545053,120,"(597832049, 35297476, 0)"
940,46.51854850676357,6.641692549944968,30,"(597832049, 597832050, 0)"
941,46.51863412000485,6.63105098197607,59,"(602129134, 303540190, 0)"
942,46.51578974338983,6.626695853163251,25,"(606374209, 280792521, 0)"
943,46.51623130842172,6.626412830809409,114,"(606374209, 271330480, 0)"
944,46.51210251307121,6.626542215590443,281,"(609224203, 269590748, 0)"
945,46.5121414872826,6.626265739241811,189,"(609224203, 695123279, 0)"
946,46.51216365686748,6.626108587432809,101,"(609224203, 20934845, 0)"
947,46.5133785709081,6.626225017593307,102,"(609224230, 269590751, 0)"
948,46.51309167827127,6.629166530032461,293,"(610316829, 610316876, 0)"
949,46.51157637685758,6.632408408395125,235,"(610316901, 269559113, 0)"
950,46.51132770156228,6.633948806386887,318,"(610320578, 610320588, 0)"
951,46.51511102785511,6.626352368662483,120,"(610534586, 582983777, 0)"
952,46.5148450734789,6.626995493120541,115,"(610534588, 582983789, 0)"
953,46.51378444663969,6.628737225539485,110,"(610539549, 269586747, 0)"
954,46.51532519904013,6.62966954896964,102,"(610539611, 564447988, 0)"
955,46.51529522357411,6.629864513610293,29,"(610539611, 8701417454, 0)"
956,46.515235261625,6.630254615672719,282,"(610539611, 288883266, 0)"
957,46.5128265004039,6.636449665877189,290,"(611697340, 611697385, 0)"
958,46.5116275113129,6.637157391036138,358,"(611697385, 266381299, 0)"
959,46.51131345543788,6.637150009077383,358,"(611697385, 266381299, 0)"
960,46.5128265004039,6.636449665877189,110,"(611697385, 611697340, 0)"
961,46.51398445482166,6.640326332505752,186,"(613122647, 613122668, 0)"
962,46.51396989388014,6.640461362343262,278,"(613122668, 330171539, 0)"
963,46.51400430541707,6.641299334973436,258,"(613122668, 330171539, 0)"
964,46.51406203670193,6.641695521734009,251,"(613122668, 330171539, 0)"
965,46.51398075747606,6.641144882052864,107,"(614228804, 337907729, 0)"
966,46.51458380789524,6.640298486278516,110,"(614228804, 337907729, 0)"
967,46.51404479267145,6.641577274816357,270,"(614228804, 614228847, 0)"
968,46.51406203670193,6.641695521734009,95,"(614228847, 614228804, 0)"
969,46.51404479267145,6.641577274816357,90,"(614228847, 614228804, 0)"
970,46.51548182754229,6.64080345427117,132,"(614228854, 337907736, 0)"
971,46.51678385749689,6.6420302613814,30,"(614835023, 337907752, 0)"
972,46.5076501387107,6.639717046366602,314,"(663443782, 8701366319, 0)"
973,46.50840917124157,6.639364085822248,142,"(663443782, 567931610, 0)"
974,46.5086784146846,6.639219689260264,166,"(663443782, 567931610, 0)"
975,46.50915378183694,6.639143970235434,182,"(663443782, 567931610, 0)"
976,46.50782148953163,6.63935990990522,112,"(663443782, 663443787, 0)"
977,46.50793142755266,6.63899481016563,109,"(663443782, 663443787, 0)"
978,46.50818637610964,6.637739666366321,33,"(663443787, 567931579, 0)"
979,46.50819256703878,6.638289287180948,308,"(663443787, 663443782, 0)"
980,46.50793142755266,6.63899481016563,289,"(663443787, 663443782, 0)"
981,46.50782148953163,6.63935990990522,292,"(663443787, 663443782, 0)"
982,46.50842234252507,6.637855677563753,128,"(663443787, 1433170957, 0)"
983,46.51256118440604,6.634185906916486,310,"(674212051, 674212059, 0)"
984,46.51256118440604,6.634185906916486,130,"(674212059, 674212051, 0)"
985,46.51318282239906,6.629220210156654,113,"(678462354, 678462394, 0)"
986,46.51427331058866,6.630217814327043,286,"(678462400, 678462417, 0)"
987,46.51427331058866,6.630217814327043,106,"(678462417, 678462400, 0)"
988,46.51094958369587,6.627122482136296,13,"(695123190, 567901697, 0)"
989,46.51129900837708,6.627220587205011,186,"(695123190, 567901720, 0)"
990,46.51276243328977,6.625708568971936,354,"(695123272, 695123279, 0)"
991,46.51832538221949,6.628630339820667,16,"(897959534, 897959574, 0)"
992,46.51836863126594,6.628493900457144,198,"(897959543, 897959570, 0)"
993,46.51836863126594,6.628493900457144,115,"(897959570, 330168201, 0)"
994,46.51836863126594,6.628493900457144,18,"(897959570, 897959543, 0)"
995,46.51836863126594,6.628493900457144,294,"(897959570, 897959534, 0)"
996,46.51832538221949,6.628630339820667,196,"(897959574, 897959534, 0)"
997,46.51939187886261,6.62875582396088,284,"(897959641, 897959546, 0)"
998,46.51933569146595,6.629088522325962,113,"(897959654, 564145988, 0)"
999,46.50940364386114,6.640435752772425,294,"(1030114467, 1030114464, 0)"
1000,46.51980218363643,6.630254054009616,101,"(1423332484, 8524718453, 0)"
1001,46.50864165714819,6.63745104890373,308,"(1433170957, 663443787, 0)"
1002,46.50887505365016,6.636970319025474,120,"(1433170957, 567933014, 0)"
1003,46.51084587161439,6.621511072539505,194,"(2258600687, 2258600706, 0)"
1004,46.51105629068308,6.621525249179285,43,"(2258600706, 567871335, 0)"
1005,46.51086858979856,6.621224958705596,29,"(2258600706, 567871335, 0)"
1006,46.51107622641516,6.621610018774817,20,"(2258600706, 2258600687, 0)"
1007,46.5176548997462,6.633352275394959,284,"(2377810787, 561509498, 0)"
1008,46.51483763764143,6.639744757302204,214,"(2549500330, 330171544, 0)"
1009,46.50788393439035,6.639707924831258,3,"(2549575906, 1433170956, 0)"
1010,46.51329804123657,6.617962050098738,296,"(2747828575, 567818761, 0)"
1011,46.51864447620903,6.631521927610426,108,"(2936333147, 277059611, 0)"
1012,46.51508134364397,6.639355038391717,208,"(3070594521, 337907802, 0)"
1013,46.51562110596424,6.628572826273277,114,"(3102242807, 288883228, 0)"
1014,46.50919957459679,6.629961677387555,104,"(3516966900, 567951312, 0)"
1015,46.50858216389599,6.629911853041382,82,"(3517007831, 268244867, 0)"
1016,46.51941741891195,6.639825332029461,118,"(3647237701, 35297474, 0)"
1017,46.51961155971046,6.639371142475955,120,"(3647237701, 35297474, 0)"
1018,46.51073200413587,6.618633650870651,313,"(3736991372, 567817326, 0)"
1019,46.51101984310418,6.618190823181212,133,"(3736991372, 60940436, 0)"
1020,46.51133688955158,6.617684298069185,133,"(3736991372, 60940436, 0)"
1021,46.51279566874538,6.616213095317361,23,"(4005542338, 4005542339, 0)"
1022,46.51279566874538,6.616213095317361,203,"(4005542339, 4005542338, 0)"
1023,46.51290014402581,6.615939867233118,117,"(4005542339, 4005542342, 0)"
1024,46.51279566874538,6.616213095317361,28,"(4005542340, 4005542341, 0)"
1025,46.51253964253274,6.616887226466456,297,"(4005542341, 567593164, 0)"
1026,46.51279566874538,6.616213095317361,208,"(4005542341, 4005542340, 0)"
1027,46.51298969013574,6.615705372216996,27,"(4005542342, 4005542339, 0)"
1028,46.51706482106418,6.621031185052699,103,"(4163965815, 595693692, 0)"
1029,46.51704210881329,6.621171076456506,192,"(4163965815, 4163965817, 0)"
1030,46.51794386943224,6.621304131962238,284,"(4163965817, 4163965815, 0)"
1031,46.51595121681617,6.627397460806573,111,"(4169291847, 288883221, 0)"
1032,46.51585466002086,6.627751011918667,23,"(4169291847, 5318063721, 0)"
1033,46.51927520750195,6.640169115630737,301,"(5234497235, 3647237693, 0)"
1034,46.5192487388999,6.639969641891194,302,"(5234497235, 5234497233, 0)"
1035,46.51011302580375,6.6197377916493,43,"(5237692124, 5237692125, 0)"
1036,46.51011302580375,6.6197377916493,223,"(5237692125, 5237692124, 0)"
1037,46.51030345318448,6.619292799952822,133,"(5237692125, 567817326, 0)"
1038,46.51329804123657,6.617962050098738,291,"(5280238449, 269946394, 0)"
1039,46.51302998509188,6.617822579018455,198,"(5280238452, 269946394, 0)"
1040,46.51285378732725,6.61773090702922,113,"(5280238452, 5280238454, 0)"
1041,46.51285378732725,6.61773090702922,280,"(5280238454, 5280238452, 0)"
1042,46.51446696995152,6.627325205025685,205,"(5280471173, 5280471175, 0)"
1043,46.51158974952499,6.633367046279645,124,"(5280471176, 269559109, 0)"
1044,46.51158974952499,6.633367046279645,193,"(5280471176, 5280471180, 0)"
1045,46.51222464734082,6.633085892144336,230,"(5280471176, 5280471180, 0)"
1046,46.51237854964813,6.633431782496229,234,"(5280471180, 280792530, 0)"
1047,46.51233007155095,6.633322916351844,327,"(5280471180, 5280471176, 0)"
1048,46.51222464734082,6.633085892144336,50,"(5280471180, 5280471176, 0)"
1049,46.51195623796001,6.63412263349063,281,"(5280471181, 5280471182, 0)"
1050,46.51185526095041,6.634097371158758,11,"(5280471182, 5280471183, 0)"
1051,46.51195623796001,6.63412263349063,101,"(5280471182, 5280471181, 0)"
1052,46.51207051705493,6.634151255646447,191,"(5280471182, 269563032, 0)"
1053,46.5122807529323,6.634203971169968,191,"(5280471182, 269563032, 0)"
1054,46.51185526095041,6.634097371158758,191,"(5280471183, 5280471182, 0)"
1055,46.51153905043855,6.634014052376112,9,"(5280471183, 269563030, 0)"
1056,46.51176272038305,6.634074161134417,100,"(5280471183, 5280471186, 0)"
1057,46.51148023804136,6.6336119749806,304,"(5280471187, 269563030, 0)"
1058,46.50986811998385,6.64138738989938,198,"(5280471189, 269563045, 0)"
1059,46.50986811998385,6.64138738989938,18,"(5280471189, 268655392, 0)"
1060,46.50980129021723,6.641646362934379,288,"(5280471189, 5280471191, 0)"
1061,46.5161213232253,6.610712769603395,290,"(5282781122, 574442221, 0)"
1062,46.51494411237539,6.610134914989113,293,"(5282781124, 256311257, 0)"
1063,46.51715132779402,6.607508078187221,271,"(5282781127, 567496965, 0)"
1064,46.51546850450629,6.627340839032848,291,"(5318063721, 4169291847, 0)"
1065,46.51819425614781,6.6372040617621,299,"(5318659408, 253302603, 0)"
1066,46.51129251371388,6.638666728928213,100,"(5575576766, 280798820, 0)"
1067,46.5144749413161,6.605994830305947,281,"(5590390900, 256311259, 0)"
1068,46.5149228634714,6.607601684927829,207,"(5590390900, 256311259, 0)"
1069,46.51524218824948,6.607803839730302,204,"(5590390900, 256311259, 0)"
1070,46.50772631399899,6.637502668905279,125,"(8701364008, 8701364010, 0)"
1071,46.50808261190153,6.637657166305895,30,"(8701364009, 8701364010, 0)"
1072,46.50808261190153,6.637657166305895,210,"(8701364010, 8701364009, 0)"
1073,46.50772631399899,6.637502668905279,305,"(8701364010, 8701364008, 0)"
1074,46.5076501387107,6.639717046366602,134,"(8701366319, 663443782, 0)"
1075,46.51446696995152,6.627325205025685,14,"(8701403502, 8701403503, 0)"
1076,46.51446696995152,6.627325205025685,194,"(8701403503, 8701403502, 0)"
1077,46.51437720763343,6.627289608102402,193,"(8701403506, 8701403504, 0)"
1078,46.51437720763343,6.627289608102402,21,"(8701403507, 8701403508, 0)"
1079,46.51437720763343,6.627289608102402,201,"(8701403508, 8701403507, 0)"
1080,46.51541057627161,6.628301173357579,94,"(8701403509, 362727784, 0)"
1081,46.51540328298769,6.628419245635169,8,"(8701403509, 8701403511, 0)"
1082,46.51540328298769,6.628419245635169,188,"(8701403511, 8701403509, 0)"
1083,46.5153902312757,6.628593338755728,277,"(8701403511, 8701403512, 0)"
1084,46.5153902312757,6.628593338755728,97,"(8701403512, 8701403511, 0)"
1085,46.5153902312757,6.628593338755728,277,"(8701403513, 8701403514, 0)"
1086,46.5153902312757,6.628593338755728,97,"(8701403514, 8701403513, 0)"
1087,46.51543697758672,6.627870282382301,274,"(8701403515, 362727784, 0)"
1088,46.51547653976684,6.627206142821368,94,"(8701403515, 280792521, 0)"
1089,46.51572119128438,6.629761381754196,287,"(8701417443, 8701417444, 0)"
1090,46.51572119128438,6.629761381754196,107,"(8701417444, 8701417443, 0)"
1091,46.51551210025592,6.629672145597266,15,"(8701417444, 564447988, 0)"
1092,46.51530486203247,6.630988336828814,15,"(8701417445, 288883266, 0)"
1093,46.51547659926822,6.631061574423745,104,"(8701417445, 8701417449, 0)"
1094,46.51545869234391,6.632024418760665,9,"(8701417450, 8701417451, 0)"
1095,46.5155391690046,6.631639341024331,107,"(8701417450, 8701417445, 0)"
1096,46.51545869234391,6.632024418760665,189,"(8701417451, 8701417450, 0)"
1097,46.51529522357411,6.629864513610293,209,"(8701417454, 610539611, 0)"
1098,46.51489029583527,6.630300346449784,296,"(8701417454, 8701417457, 0)"
1099,46.5148014209574,6.630503620044033,101,"(8701417458, 282029473, 0)"
1100,46.51478093607393,6.630639253235066,10,"(8701417458, 8701417459, 0)"
1101,46.51478093607393,6.630639253235066,190,"(8701417459, 8701417458, 0)"
1102,46.50986512653619,6.627143227467095,190,"(567899652, 610310930, 0)"
1103,46.51112113773281,6.627170669028696,192,"(567899652, 610310930, 0)"
1104,46.51762420553826,6.628286955719457,300,"(9196530188, 561213765, 0)"
1105,46.51910581170399,6.629913996882155,85,"(277059597, 330168196, 0)"
1106,46.51912281216445,6.629526993711847,130,"(277059597, 330168196, 0)"
1107,46.51959923040458,6.629135936336014,14,"(582971921, 330168196, 0)"
1108,46.51980412556888,6.628729551711067,97,"(582971921, 582971904, 0)"
1109,46.51578974338983,6.626695853163251,27,"(288883221, 280792521, 0)"
1110,46.51628349196076,6.627073430524035,211,"(288883221, 288883227, 0)"
1111,46.51615023381474,6.626677545767957,114,"(288883221, 271330480, 0)"
1112,46.51623130842172,6.626412830809409,114,"(288883221, 271330480, 0)"
1113,46.51864447620903,6.631521927610426,108,"(277059606, 303540190, 0)"
1114,46.50830391120623,6.629231985846821,63,"(695127573, 1444781857, 0)"
1115,46.50818699617496,6.628852412556422,67,"(695127573, 1444781857, 0)"
1116,46.50811188686456,6.62797218919126,91,"(695127573, 1444781857, 0)"
1117,46.51628349196076,6.627073430524035,31,"(288883227, 288883221, 0)"
1118,46.51115391497655,6.624353521152681,295,"(273490462, 273490460, 0)"
1119,46.51096233658809,6.623904046061901,26,"(273490462, 321870267, 0)"
1120,46.5105701160769,6.623647311854793,26,"(273490462, 321870267, 0)"
1121,46.51136819740636,6.624130368202008,196,"(273490462, 269946420, 0)"
1122,46.51161661873601,6.624230441423484,196,"(273490462, 269946420, 0)"
1123,46.51188425667023,6.624332374839934,196,"(273490462, 269946420, 0)"
1124,46.51552766716421,6.632258016264883,127,"(288883231, 2789084918, 0)"
1125,46.51579552522528,6.631688153490517,118,"(288883231, 2789084918, 0)"
1126,46.51601896554743,6.630797009394694,106,"(288883231, 2789084918, 0)"
1127,46.51541121799474,6.632286957750654,107,"(288883231, 288883266, 0)"
1128,46.5155391690046,6.631639341024331,107,"(288883231, 288883266, 0)"
1129,46.51557175641046,6.631102097105643,15,"(288883231, 288883266, 0)"
1130,46.51208421264778,6.626672070726021,277,"(567901727, 5407187830, 0)"
1131,46.51039276592355,6.626966025968741,113,"(273490465, 5407186304, 0)"
1132,46.51015167240205,6.627216518493391,296,"(273490465, 273490496, 0)"
1133,46.5153902312757,6.628593338755728,94,"(561463330, 362727784, 0)"
1134,46.51825741068139,6.628909358826124,105,"(256362031, 330168201, 0)"
1135,46.51836863126594,6.628493900457144,114,"(256362031, 330168201, 0)"
1136,46.51913254862828,6.625420051928543,284,"(256362036, 289087937, 0)"
1137,46.51901348417321,6.62610700829622,284,"(256362036, 289087937, 0)"
1138,46.51225165760397,6.624499635055844,16,"(269946420, 273490462, 0)"
1139,46.51188425667023,6.624332374839934,16,"(269946420, 273490462, 0)"
1140,46.51161661873601,6.624230441423484,16,"(269946420, 273490462, 0)"
1141,46.51538109830353,6.628846073546722,16,"(6454743101, 8863701421, 0)"
1142,46.51599972056948,6.629487872789849,285,"(288883263, 564447988, 0)"
1143,46.51551210025592,6.629672145597266,15,"(288883263, 564447988, 0)"
1144,46.50966209120705,6.627082233264454,11,"(273490496, 269948263, 0)"
1145,46.50983307293799,6.626639294526067,85,"(273490496, 269946530, 0)"
1146,46.51004041375795,6.62718801857013,191,"(273490496, 273490465, 0)"
1147,46.51516387794676,6.630790646907582,99,"(288883266, 673611262, 0)"
1148,46.51506063290107,6.63152608550166,280,"(288883266, 271330483, 0)"
1149,46.50945396013282,6.625105223197004,298,"(269591107, 269946531, 0)"
1150,46.50956245291577,6.62478716583433,298,"(269591108, 568828609, 0)"
1151,46.50939759997238,6.624458175868758,30,"(269591108, 269946532, 0)"
1152,46.50845980114376,6.626241200190297,119,"(273490502, 269946532, 0)"
1153,46.50872956230981,6.625585266290574,127,"(273490502, 269946532, 0)"
1154,46.50885166506183,6.625344086047608,127,"(273490502, 269946532, 0)"
1155,46.50901541159788,6.625009213683179,127,"(273490502, 269946532, 0)"
1156,46.51595121681617,6.627397460806573,111,"(4169291847, 288883221, 0)"
1157,46.50893501688435,6.626887381878944,11,"(273490508, 273490513, 0)"
1158,46.50966156159473,6.627611307793617,239,"(273490508, 269948269, 0)"
1159,46.50893501688435,6.626887381878944,191,"(273490513, 273490508, 0)"
1160,46.50821790838647,6.627123516514984,283,"(273490513, 1444781857, 0)"
1161,46.50919957459679,6.629961677387555,11,"(269871701, 268244867, 0)"
1162,46.5122807529323,6.634203971169968,191,"(611671701, 611667185, 0)"
1163,46.51207051705493,6.634151255646447,11,"(611671701, 269563030, 0)"
1164,46.51185526095041,6.634097371158758,11,"(611671701, 269563030, 0)"
1165,46.51148023804136,6.6336119749806,124,"(269563030, 269559109, 0)"
1166,46.51158974952499,6.633367046279645,124,"(269563030, 269559109, 0)"
1167,46.51153905043855,6.634014052376112,189,"(269563030, 611671701, 0)"
1168,46.51185526095041,6.634097371158758,191,"(269563030, 611671701, 0)"
1169,46.51132770156228,6.633948806386887,318,"(269563030, 568428541, 0)"
1170,46.50983307293799,6.626639294526067,265,"(269946530, 273490496, 0)"
1171,46.50965262327656,6.625878674711892,30,"(269946530, 269946531, 0)"
1172,46.50930521756084,6.625478921412652,119,"(269946531, 269591107, 0)"
1173,46.5091917586613,6.625764321476669,298,"(269946531, 321870265, 0)"
1174,46.50901541159788,6.625009213683179,307,"(269946532, 273490502, 0)"
1175,46.50885166506183,6.625344086047608,307,"(269946532, 273490502, 0)"
1176,46.50872956230981,6.625585266290574,307,"(269946532, 273490502, 0)"
1177,46.50845980114376,6.626241200190297,299,"(269946532, 273490502, 0)"
1178,46.51943371769489,6.633574455440542,353,"(3452064942, 1011308871, 0)"
1179,46.51562110596424,6.628572826273277,114,"(271330481, 4169291847, 0)"
1180,46.51447258416519,6.632783465289883,325,"(271330483, 280792535, 0)"
1181,46.51157637685758,6.632408408395125,235,"(564464309, 269559113, 0)"
1182,46.51357087713028,6.63241556893358,124,"(564464318, 2968148216, 0)"
1183,46.51362158505658,6.633187281849873,215,"(564464318, 2968148219, 0)"
1184,46.50956245291577,6.62478716583433,118,"(568828609, 269591108, 0)"
1185,46.50921899546076,6.624686826093311,28,"(568828609, 269946532, 0)"
1186,46.51530707429179,6.62590987460319,245,"(253486799, 280792521, 0)"
1187,46.5135852673898,6.626988614092012,14,"(269590745, 269586780, 0)"
1188,46.5139767852009,6.626829314585811,104,"(269590745, 280792520, 0)"
1189,46.51329137825043,6.626684282384746,102,"(2968144091, 269586780, 0)"
1190,46.5135852673898,6.626988614092012,192,"(2968144091, 2295270161, 0)"
1191,46.51345654418953,6.625848379122617,103,"(269590751, 564447984, 0)"
1192,46.51369897120374,6.626147340764915,194,"(269590751, 280792520, 0)"
1193,46.51007767485483,6.625473786056445,29,"(269590755, 321870267, 0)"
1194,46.51377367601638,6.631962552214508,213,"(2968155364, 2968148223, 0)"
1195,46.51382561167379,6.631851826954357,125,"(2968155364, 674231021, 0)"
1196,46.51007767485483,6.625473786056445,29,"(269590761, 269591107, 0)"
1197,46.51863412000485,6.63105098197607,59,"(602129134, 303540190, 0)"
1198,46.5122807529323,6.634203971169968,11,"(611667185, 611671701, 0)"
1199,46.51532519904013,6.62966954896964,282,"(564447988, 282029474, 0)"
1200,46.51357087713028,6.63241556893358,304,"(2968148216, 564464318, 0)"
1201,46.51387829196813,6.631739708178954,124,"(2968148216, 282029464, 0)"
1202,46.51395812633838,6.633270017488284,123,"(2968148219, 2968148223, 0)"
1203,46.51377367601638,6.631962552214508,33,"(2968148223, 2968155364, 0)"
1204,46.51395812633838,6.633270017488284,303,"(2968148223, 2968148219, 0)"
1205,46.51112113773281,6.627170669028696,12,"(610310930, 567899652, 0)"
1206,46.50811188686456,6.62797218919126,271,"(1444781857, 695127573, 0)"
1207,46.50818699617496,6.628852412556422,247,"(1444781857, 695127573, 0)"
1208,46.50830391120623,6.629231985846821,243,"(1444781857, 695127573, 0)"
1209,46.51378444663969,6.628737225539485,191,"(269586735, 269586747, 0)"
1210,46.51378444663969,6.628737225539485,290,"(269586747, 280792528, 0)"
1211,46.51427331058866,6.630217814327043,286,"(269586747, 280792528, 0)"
1212,46.51747104336346,6.637484068968015,106,"(253302592, 253302602, 0)"
1213,46.51762420553826,6.628286955719457,120,"(561213765, 9196530188, 0)"
1214,46.51943371769489,6.633574455440542,173,"(1011308871, 3452064942, 0)"
1215,46.51723933587823,6.636925800561107,16,"(253302602, 266811378, 0)"
1216,46.51787612311378,6.637219161827987,17,"(253302603, 253302602, 0)"
1217,46.51318282239906,6.629220210156654,114,"(269586762, 269586735, 0)"
1218,46.51208514940394,6.62869630160204,200,"(269586765, 269586762, 0)"
1219,46.51301458632884,6.62912108213582,204,"(269586765, 269586762, 0)"
1220,46.51167327504403,6.627324039291584,11,"(269586770, 269586774, 0)"
1221,46.51085626129622,6.627096241465252,12,"(269586774, 273490465, 0)"
1222,46.51329137825043,6.626684282384746,282,"(269586780, 2968144091, 0)"
1223,46.51329137825043,6.626684282384746,102,"(269586780, 269590751, 0)"
1224,46.50966209120705,6.627082233264454,191,"(269948263, 273490496, 0)"
1225,46.50884400182796,6.626862114350089,10,"(269948263, 273490502, 0)"
1226,46.50931748039279,6.626734798957488,58,"(269948263, 321870262, 0)"
1227,46.51543697758672,6.627870282382301,94,"(362727784, 280792521, 0)"
1228,46.51547653976684,6.627206142821368,94,"(362727784, 280792521, 0)"
1229,46.51157637685758,6.632408408395125,12,"(269559104, 1433170962, 0)"
1230,46.51918660833971,6.625109859767821,18,"(564160877, 582972924, 0)"
1231,46.51216573749958,6.632953447117425,191,"(269559106, 564464316, 0)"
1232,46.51208421264778,6.626672070726021,97,"(5407187830, 567901727, 0)"
1233,46.51206942495976,6.62677315313307,358,"(5407187830, 269586774, 0)"
1234,46.51216573749958,6.632953447117425,234,"(269559107, 564464324, 0)"
1235,46.51237854964813,6.633431782496229,234,"(269559107, 564464324, 0)"
1236,46.51638194350355,6.627152568736576,288,"(313153403, 288883227, 0)"
1237,46.51039276592355,6.626966025968741,293,"(5407186304, 273490465, 0)"
1238,46.51959923040458,6.629135936336014,194,"(330168196, 582971921, 0)"
1239,46.5193007523651,6.629182155526992,294,"(330168196, 277059597, 0)"
1240,46.51912281216445,6.629526993711847,310,"(330168196, 277059597, 0)"
1241,46.51158974952499,6.633367046279645,304,"(269559109, 269563030, 0)"
1242,46.51148023804136,6.6336119749806,304,"(269559109, 269563030, 0)"
1243,46.51836863126594,6.628493900457144,295,"(330168201, 256362031, 0)"
1244,46.51836863126594,6.628493900457144,294,"(330168201, 256362031, 0)"
1245,46.50978743032902,6.627928219128753,56,"(8709630861, 8709630864, 0)"
1246,46.51157637685758,6.632408408395125,55,"(269559113, 564464309, 0)"
1247,46.51489029583527,6.630300346449784,191,"(282029473, 282029474, 0)"
1248,46.51489029583527,6.630300346449784,11,"(282029474, 282029473, 0)"
1249,46.515235261625,6.630254615672719,102,"(282029474, 564447988, 0)"
1250,46.51538109830353,6.628846073546722,196,"(8863701421, 6454743101, 0)"
1251,46.5153810122163,6.62875222153786,187,"(8863701422, 3079008403, 0)"
1252,46.50970328382979,6.62809469842581,284,"(35295157, 9210173853, 0)"
1253,46.51012420695792,6.624073645568221,131,"(321870267, 273490462, 0)"
1254,46.5105701160769,6.623647311854793,206,"(321870267, 273490462, 0)"
1255,46.51096233658809,6.623904046061901,206,"(321870267, 273490462, 0)"
1256,46.50984570054276,6.624529422410041,207,"(321870267, 269590755, 0)"
1257,46.51901348417321,6.62610700829622,104,"(289087937, 256362036, 0)"
1258,46.51913254862828,6.625420051928543,104,"(289087937, 256362036, 0)"
1259,46.51440078025951,6.626431864795562,194,"(280792520, 280792523, 0)"
1260,46.5141043041669,6.626067750329351,104,"(280792520, 280792517, 0)"
1261,46.51578974338983,6.626695853163251,207,"(280792521, 288883221, 0)"
1262,46.5154230828492,6.626313216191671,62,"(280792521, 253486799, 0)"
1263,46.51530707429179,6.62590987460319,65,"(280792521, 253486799, 0)"
1264,46.51547653976684,6.627206142821368,274,"(280792521, 362727784, 0)"
1265,46.51419263906615,6.627216370691974,15,"(280792524, 269590745, 0)"
1266,46.51468171755846,6.627025719686732,112,"(280792524, 280792523, 0)"
1267,46.51494351234554,6.626137666282235,113,"(280792523, 267491469, 0)"
1268,46.51367260774451,6.632185264438855,302,"(280792528, 564464316, 0)"
1269,46.51427331058866,6.630217814327043,106,"(280792528, 269586747, 0)"
1270,46.51859955957897,6.630919490970799,289,"(303540190, 277059606, 0)"
1271,46.51864447620903,6.631521927610426,288,"(303540190, 277059606, 0)"
1272,46.51847082749129,6.630433006166778,67,"(303540190, 256362033, 0)"
1273,46.51378444663969,6.628737225539485,10,"(360429550, 564447986, 0)"
1274,46.51378444663969,6.628737225539485,191,"(360429550, 8863701421, 0)"
1275,46.51918660833971,6.625109859767821,198,"(582972924, 564160877, 0)"
1276,46.51516387794676,6.630790646907582,279,"(673611262, 288883266, 0)"
