,latitude,longitude,angle,edge
0,47.38512989352823,8.508289669130003,113,"(453805, 74574330, 0)"
1,47.38519762847579,8.508045168999002,114,"(453805, 74574330, 0)"
2,47.38530503587987,8.507657056026483,114,"(453805, 74574330, 0)"
3,47.38558999407577,8.506654407100838,113,"(453805, 74574330, 0)"
4,47.38482125690349,8.50809975735647,40,"(453805, 52727137, 0)"
5,47.38447842698942,8.507674098277255,40,"(453805, 52727137, 0)"
6,47.38275513895473,8.50546269404117,41,"(453810, 52727174, 0)"
7,47.38347401137364,8.506387156918493,219,"(453810, 52727137, 0)"
8,47.38372466926192,8.504988299274283,123,"(453810, 47744453, 0)"
9,47.38432814015939,8.503592150965149,123,"(453810, 47744453, 0)"
10,47.38027836613833,8.51232692321945,32,"(453816, 28579781, 0)"
11,47.37985913955774,8.511918460907768,33,"(453816, 28579781, 0)"
12,47.37938394626062,8.511455437804795,33,"(453816, 28579781, 0)"
13,47.37526655303348,8.516758277382106,169,"(453828, 847222965, 0)"
14,47.37242065736634,8.520013253934176,319,"(453833, 301210179, 0)"
15,47.37256833645335,8.519340922211994,50,"(453833, 8892693333, 0)"
16,47.37290289213329,8.519945302164471,230,"(453833, 130113831, 0)"
17,47.37293835256821,8.519374500332686,140,"(453833, 47775367, 0)"
18,47.37075174769605,8.524436548002011,322,"(455507, 48932939, 0)"
19,47.37109725861779,8.523705232205291,247,"(455508, 390470837, 0)"
20,47.37102415192227,8.523714140341415,280,"(455508, 455507, 0)"
21,47.37458998292569,8.51885345511489,160,"(455518, 48935968, 0)"
22,47.37488520843732,8.518727125457092,163,"(455518, 48935968, 0)"
23,47.37424584708862,8.51906361592089,333,"(455518, 47775370, 0)"
24,47.37851878715365,8.519849903276985,298,"(455526, 30825863, 0)"
25,47.37841059950506,8.519233036739243,34,"(455526, 30825860, 0)"
26,47.37817680051077,8.519012887265173,31,"(455526, 30825860, 0)"
27,47.37793180491267,8.518891356268641,23,"(455526, 30825860, 0)"
28,47.37886774927068,8.518932372358686,118,"(455526, 27256999, 0)"
29,47.37899374807557,8.518615115541664,116,"(455526, 27256999, 0)"
30,47.37899425064685,8.519851239568451,213,"(455526, 568338656, 0)"
31,47.37938976232427,8.520223216350313,213,"(455526, 568338656, 0)"
32,47.38247878902298,8.515661621263716,336,"(455541, 5133741935, 0)"
33,47.38325849807907,8.513407460716405,120,"(455546, 2712360136, 0)"
34,47.38341562020667,8.51302992164428,122,"(455546, 2712360136, 0)"
35,47.38935828968503,8.511147098551092,80,"(455570, 1990946417, 0)"
36,47.38828792143302,8.509557880681887,12,"(455570, 1990946417, 0)"
37,47.38770850614292,8.509371270981775,12,"(455570, 1990946417, 0)"
38,47.38678757326066,8.509073395059854,12,"(455570, 1990946417, 0)"
39,47.38598088207939,8.508821896007813,12,"(455570, 1990946417, 0)"
40,47.38956562478779,8.512192265177234,285,"(469716, 3858548815, 0)"
41,47.38945642098332,8.51278679603949,284,"(469716, 3858548815, 0)"
42,47.38936277141146,8.513314998527182,285,"(469716, 3858548815, 0)"
43,47.36893492718266,8.528514985910814,133,"(469720, 260746927, 0)"
44,47.36770661987268,8.523513751512462,142,"(4366172, 338869879, 0)"
45,47.36875652125435,8.528912329944346,34,"(4366192, 469720, 0)"
46,47.38921475803478,8.52737984835391,128,"(4366218, 2967181837, 0)"
47,47.38905191609852,8.527710192377409,313,"(4366218, 4258143921, 0)"
48,47.3886087508937,8.528309616767347,317,"(4366218, 4258143921, 0)"
49,47.38293764549771,8.514971253319008,213,"(26114443, 3696182577, 0)"
50,47.3834330013734,8.51542857370133,213,"(26114443, 3696182577, 0)"
51,47.38367615848155,8.51568910518837,214,"(26114443, 3696182577, 0)"
52,47.38298352893842,8.514821153654575,42,"(26114451, 455546, 0)"
53,47.38300613290117,8.514952855624895,33,"(26114451, 26114443, 0)"
54,47.38267795705135,8.514669112022686,32,"(26114451, 26114443, 0)"
55,47.37690405839977,8.52186619435591,206,"(26114456, 1486118375, 0)"
56,47.37638042327203,8.522024605041286,298,"(26114456, 30826180, 0)"
57,47.37509822103492,8.520657677131979,20,"(26114457, 26114458, 0)"
58,47.37461708556407,8.520917200149805,289,"(26114458, 26114459, 0)"
59,47.37474601906396,8.520343935187983,109,"(26114458, 48932819, 0)"
60,47.37485466206255,8.519881205577612,108,"(26114458, 48932819, 0)"
61,47.37469466062473,8.520568350691807,292,"(26114458, 4333509530, 0)"
62,47.37458446552145,8.521063926388651,289,"(26114458, 4333509530, 0)"
63,47.3742235365184,8.521168441577995,58,"(26114459, 3098370972, 0)"
64,47.37326304337204,8.527956914284138,130,"(26114462, 890983601, 0)"
65,47.37282346970357,8.528356822400688,318,"(26114462, 107197962, 0)"
66,47.37314475154544,8.532700225032654,110,"(27256948, 5116225743, 0)"
67,47.37325668177178,8.532266650145957,110,"(27256948, 5116225743, 0)"
68,47.37589175271554,8.529308941386056,45,"(27256988, 28582116, 0)"
69,47.37334998073794,8.529089889050624,348,"(27256990, 27256991, 0)"
70,47.37298670220313,8.529210694277273,346,"(27256990, 27256991, 0)"
71,47.37237236502381,8.529425474001002,346,"(27256991, 28851231, 0)"
72,47.37881672411596,8.518125112926498,33,"(27256999, 28579863, 0)"
73,47.37841958147706,8.51778405474547,28,"(27256999, 28579863, 0)"
74,47.37918387075155,8.5179336063522,116,"(27256999, 34404243, 0)"
75,47.37950380283784,8.516945172054362,112,"(27256999, 34404243, 0)"
76,47.37802206065686,8.50885100077843,73,"(27257006, 47775246, 0)"
77,47.37793923304135,8.508449277194533,73,"(27257006, 47775246, 0)"
78,47.37810856118791,8.509268027215102,253,"(27257006, 52789505, 0)"
79,47.37819509048727,8.509680614432522,253,"(27257006, 52789505, 0)"
80,47.37813875448077,8.50941301220619,253,"(27257006, 830721515, 0)"
81,47.36645376364608,8.515609676460203,158,"(27488745, 267271445, 0)"
82,47.36713131163868,8.51494542935129,44,"(27488746, 255858462, 0)"
83,47.36727638453019,8.515149396089418,221,"(27488746, 73140272, 0)"
84,47.3676067782398,8.514760760075152,144,"(27488746, 3915992929, 0)"
85,47.37003786707914,8.51150067756442,80,"(27488750, 3421863232, 0)"
86,47.36975911775195,8.50952612343539,80,"(27488751, 5277690547, 0)"
87,47.3696772302817,8.508855784466448,79,"(27488751, 5277690547, 0)"
88,47.37335701762981,8.503852192721242,150,"(27488777, 286408592, 0)"
89,47.37351131630716,8.50365111682981,138,"(27488777, 286408592, 0)"
90,47.37378283754173,8.503261952790407,135,"(27488777, 286408592, 0)"
91,47.36857912504023,8.511343153462336,331,"(27488780, 1545780766, 0)"
92,47.36920841427887,8.511525751717512,229,"(27488780, 267871094, 0)"
93,47.36955635088152,8.512146543790958,230,"(27488780, 267871094, 0)"
94,47.36667142421766,8.514391987999886,212,"(27488783, 255858462, 0)"
95,47.36651204826072,8.513946191241825,137,"(27488783, 7660504415, 0)"
96,47.38063101713262,8.516999435502294,126,"(28137416, 6276912968, 0)"
97,47.38072792442038,8.517582199788567,221,"(28137416, 2923898713, 0)"
98,47.37659395304355,8.5284554996797,45,"(28137423, 28582322, 0)"
99,47.37345364663641,8.527322930825955,296,"(28137437, 890983601, 0)"
100,47.37989766882865,8.527237537837006,128,"(28137447, 347339990, 0)"
101,47.37984310421889,8.527803719028283,201,"(28137447, 28137451, 0)"
102,47.37985936433967,8.524401276659065,35,"(28137449, 30825883, 0)"
103,47.38007383805004,8.524630345574495,216,"(28137449, 292279061, 0)"
104,47.38049622884859,8.528247070740179,205,"(28137451, 30825896, 0)"
105,47.38107711890596,8.52864224624637,204,"(28137451, 30825896, 0)"
106,47.38163606835744,8.52902099295055,205,"(28137451, 30825896, 0)"
107,47.37829022696895,8.513343352909278,302,"(28579807, 1608620061, 0)"
108,47.37761226726904,8.517161703876727,27,"(28579863, 316678250, 0)"
109,47.37896291747839,8.51607822616722,173,"(28580544, 1413703439, 0)"
110,47.37864470773193,8.516316742122592,297,"(28580544, 429611901, 0)"
111,47.37852053163905,8.516670169509222,299,"(28580544, 429611901, 0)"
112,47.37872323976357,8.514811343195683,43,"(28580591, 47775218, 0)"
113,47.37915493024348,8.51543469979302,224,"(28580591, 453818, 0)"
114,47.37822640184316,8.526867367423014,201,"(28581626, 2261078859, 0)"
115,47.37584227376877,8.528938134730154,139,"(28582116, 3788949122, 0)"
116,47.37556983153276,8.52883479315011,44,"(28582116, 28582095, 0)"
117,47.37528346646359,8.529631558824109,139,"(28582131, 8158084653, 0)"
118,47.37486428858869,8.529564970776773,223,"(28582147, 28582131, 0)"
119,47.37452515649852,8.52908063820052,44,"(28582147, 28582162, 0)"
120,47.37468436375121,8.528435038232791,138,"(28582162, 28582192, 0)"
121,47.37391923820808,8.52947345989977,138,"(28582237, 4916727027, 0)"
122,47.37415124467242,8.52995969960852,318,"(28582256, 28582295, 0)"
123,47.37435062255551,8.529694713568368,138,"(28582256, 28582147, 0)"
124,47.37449722205821,8.530613063072307,139,"(28582284, 28582274, 0)"
125,47.37387037046717,8.530255184492312,324,"(28582295, 29390994, 0)"
126,47.3740931099214,8.530345990497787,234,"(28582295, 28582284, 0)"
127,47.3767045330112,8.527843488169179,138,"(28582322, 28584142, 0)"
128,47.37628354776821,8.52799224946905,46,"(28582322, 8158126809, 0)"
129,47.37387149319483,8.528145215115812,223,"(28584189, 28582171, 0)"
130,47.37558742658292,8.52793681904182,310,"(28587330, 28582095, 0)"
131,47.37191652610633,8.530791875391282,202,"(28851230, 5116225783, 0)"
132,47.37248876609536,8.531148350066998,200,"(28851230, 5116225783, 0)"
133,47.37166292378061,8.52904565758956,38,"(28851231, 348211268, 0)"
134,47.37049568021885,8.529849532348644,212,"(28887273, 48932968, 0)"
135,47.37072077926904,8.53005350873835,209,"(28887273, 48932968, 0)"
136,47.38168879915975,8.533326578874105,47,"(29033228, 30825904, 0)"
137,47.38716132128665,8.526132995349167,305,"(29382406, 4887611019, 0)"
138,47.3869252882408,8.525630032231634,25,"(29382406, 283245628, 0)"
139,47.38624834115267,8.525137670606872,206,"(29382407, 283245628, 0)"
140,47.38628845813036,8.524184422724023,124,"(29382407, 283244288, 0)"
141,47.3859935954096,8.524806685343966,304,"(29382407, 4887961497, 0)"
142,47.38479130293334,8.527424907675353,304,"(29382411, 211167114, 0)"
143,47.37784808145246,8.52825045758731,307,"(29798653, 948025926, 0)"
144,47.37821249686409,8.527534849349436,126,"(29798653, 2261078859, 0)"
145,47.36936524970961,8.533080415466786,63,"(29798700, 38439578, 0)"
146,47.36927685089484,8.532814941820767,62,"(29798700, 38439578, 0)"
147,47.37159897862847,8.525991922333732,233,"(29970248, 301201272, 0)"
148,47.3699596533942,8.520660645772773,232,"(29970250, 81507778, 0)"
149,47.38461714447938,8.53129909316124,358,"(30095631, 27481793, 0)"
150,47.378067263618,8.528164580361164,36,"(30229804, 29798653, 0)"
151,47.37862504666671,8.528229235151759,126,"(30229804, 28581686, 0)"
152,47.37888612300455,8.527705539824279,126,"(30229804, 28581686, 0)"
153,47.37739922839727,8.533480691463735,133,"(30230049, 5736252105, 0)"
154,47.37071892019964,8.51014899819456,6,"(30271793, 5206443077, 0)"
155,47.37739866889321,8.51851173053681,15,"(30825860, 316678301, 0)"
156,47.37762517112058,8.519495874886665,209,"(30825862, 279262855, 0)"
157,47.3781017649286,8.526501414583445,308,"(30825872, 28581626, 0)"
158,47.37953977002266,8.52535100894399,218,"(30825876, 52726929, 0)"
159,47.37662652712253,8.524722312411642,209,"(30825881, 52726907, 0)"
160,47.38053325532649,8.526471491586351,39,"(30825887, 347339990, 0)"
161,47.380845256515,8.526456588192145,124,"(30825887, 28137448, 0)"
162,47.38095802550696,8.525773888817108,84,"(30825887, 28137448, 0)"
163,47.38208516776388,8.529389709281032,212,"(30825896, 1373309485, 0)"
164,47.38205762895423,8.528824846903463,119,"(30825896, 1233572328, 0)"
165,47.38140085224537,8.53093607142277,315,"(30825897, 338492810, 0)"
166,47.38142706176979,8.533111859140492,316,"(30825904, 1376616246, 0)"
167,47.38128952701895,8.532694116189383,46,"(30825904, 338492759, 0)"
168,47.38339539270039,8.532410472519551,137,"(30825909, 443216070, 0)"
169,47.38332450680022,8.532505170924665,227,"(30825909, 30825922, 0)"
170,47.38202805382409,8.530690550997146,132,"(30825916, 443216068, 0)"
171,47.38021267030203,8.525286892559379,37,"(30826049, 52726920, 0)"
172,47.38054171284547,8.525662281470801,219,"(30826049, 315269393, 0)"
173,47.37645938925833,8.524601041985127,205,"(30826161, 30825881, 0)"
174,47.37631178904118,8.524084199625943,116,"(30826161, 30826162, 0)"
175,47.37642435154986,8.523742500073302,24,"(30826162, 30826181, 0)"
176,47.37671830087798,8.522908123465005,23,"(30826163, 30826180, 0)"
177,47.37688512284994,8.522441224713399,118,"(30826163, 1486118375, 0)"
178,47.37698113354951,8.52301232035979,203,"(30826163, 30826179, 0)"
179,47.37662562780194,8.5231638424426,296,"(30826163, 30826162, 0)"
180,47.37765572877409,8.520383647400745,120,"(30826164, 279262855, 0)"
181,47.37713663294158,8.52311922228977,116,"(30826179, 27256996, 0)"
182,47.37968644258202,8.516353746001208,24,"(34404243, 1413703439, 0)"
183,47.3672936510007,8.529258221521705,223,"(34436638, 982208838, 0)"
184,47.36759735589781,8.52972067523087,226,"(34436638, 982208838, 0)"
185,47.36729496632228,8.52843433639689,222,"(34646053, 1245887785, 0)"
186,47.36704488386996,8.529026918488382,155,"(34646341, 34436638, 0)"
187,47.36615589618442,8.530756668581965,330,"(34646984, 5250583389, 0)"
188,47.36641862210539,8.531158366617282,225,"(34646984, 260674967, 0)"
189,47.3661044054677,8.530678725794147,46,"(34646984, 34646341, 0)"
190,47.36813327033417,8.5328397407657,63,"(34669939, 1829787142, 0)"
191,47.36853429827267,8.53297932918819,152,"(34669939, 353135996, 0)"
192,47.36722000562403,8.531682713347536,5,"(34669940, 104336438, 0)"
193,47.36740648829139,8.532111216387536,317,"(34669940, 990343524, 0)"
194,47.36916741399396,8.532482727269114,239,"(34669944, 38439578, 0)"
195,47.36812605206857,8.53014582964634,47,"(34669944, 260674973, 0)"
196,47.36686654550995,8.533457580173076,42,"(34669945, 104339658, 0)"
197,47.36765910913748,8.533623029963282,152,"(34669945, 34669939, 0)"
198,47.36574488317273,8.533728138078429,154,"(43599533, 26886960, 0)"
199,47.3847069211098,8.50249404825897,113,"(47744453, 4648233967, 0)"
200,47.38466957802475,8.503240795400448,221,"(47744453, 8008933307, 0)"
201,47.37831267088452,8.514221541140595,44,"(47775218, 47775224, 0)"
202,47.37788302790841,8.513596987184584,44,"(47775224, 7936707438, 0)"
203,47.37746999357312,8.515267173954914,300,"(47775227, 2476348855, 0)"
204,47.37764024110982,8.508109390388453,315,"(47775246, 430275495, 0)"
205,47.3763588945515,8.510041958296465,42,"(47775250, 47775259, 0)"
206,47.37757134028286,8.50969668168312,309,"(47775253, 7606015001, 0)"
207,47.37779166519169,8.50926620738091,128,"(47775253, 27257006, 0)"
208,47.37675761697526,8.509442598148457,314,"(47775255, 47775259, 0)"
209,47.37718142975108,8.509026384068473,222,"(47775255, 47775253, 0)"
210,47.37746679900148,8.509407651203158,221,"(47775255, 47775253, 0)"
211,47.37616860839046,8.510326872565857,314,"(47775259, 47775264, 0)"
212,47.37553681502352,8.511278434944906,314,"(47775264, 47775323, 0)"
213,47.37622190924888,8.511223311045413,223,"(47775264, 47775268, 0)"
214,47.37684551576671,8.512117945427486,223,"(47775268, 823735458, 0)"
215,47.37623696193264,8.513116684436644,222,"(47775313, 104303882, 0)"
216,47.37577486590771,8.51249774963063,43,"(47775313, 47775323, 0)"
217,47.37529154822984,8.51165296055121,314,"(47775323, 73129590, 0)"
218,47.37352736934178,8.51492988540965,49,"(47775326, 47775330, 0)"
219,47.37363367683223,8.51489948238016,168,"(47775330, 7605993974, 0)"
220,47.37299603935455,8.515354435503598,323,"(47775330, 47775334, 0)"
221,47.3726411468383,8.515743300280281,230,"(47775334, 47775343, 0)"
222,47.37247872676974,8.515445955362663,50,"(47775334, 104314919, 0)"
223,47.37231955250992,8.5160881708843,323,"(47775334, 911771458, 0)"
224,47.37405791268819,8.522313663635387,313,"(47775346, 6878895423, 0)"
225,47.37386400040695,8.521832696616476,227,"(47775350, 4248154582, 0)"
226,47.37388509245402,8.521393008074368,138,"(47775350, 3098370972, 0)"
227,47.37270907276837,8.523941648767464,25,"(47775357, 48932873, 0)"
228,47.37336090764781,8.5192081540056,234,"(47775367, 8314584840, 0)"
229,47.3730820387471,8.518638707290654,53,"(47775367, 81507542, 0)"
230,47.37375517473653,8.520083982147238,237,"(47775370, 3098370972, 0)"
231,47.37395644317331,8.520563235935223,236,"(47775370, 3098370972, 0)"
232,47.37345481767491,8.519917319301411,316,"(47775370, 130113831, 0)"
233,47.37831232860213,8.514817132727892,221,"(47775372, 7869075015, 0)"
234,47.37842317366601,8.514573744260762,124,"(47775372, 47775218, 0)"
235,47.37781327892306,8.509821936501892,42,"(47775376, 47775253, 0)"
236,47.37506689391716,8.519011293862329,108,"(48932819, 48935968, 0)"
237,47.37432746125386,8.52360417103122,272,"(48932836, 4896466261, 0)"
238,47.37477131044432,8.52394172648809,313,"(48932861, 107190635, 0)"
239,47.37240861459765,8.523621347581004,78,"(48932873, 48932871, 0)"
240,47.37211390257096,8.522575344697337,57,"(48932881, 81508252, 0)"
241,47.37149264934809,8.524973222667832,240,"(48932909, 4808610767, 0)"
242,47.37263077827178,8.52484088910594,73,"(48932921, 48932873, 0)"
243,47.37247600693204,8.524076793308323,74,"(48932921, 48932873, 0)"
244,47.37316256873959,8.52427170961731,29,"(48932935, 150524650, 0)"
245,47.37336235664647,8.524438144958111,204,"(48932935, 29033205, 0)"
246,47.37013618957414,8.524441592039299,214,"(48932937, 48932939, 0)"
247,47.37034532946604,8.524680048446143,321,"(48932939, 48932971, 0)"
248,47.3711369317764,8.525476473082156,35,"(48932941, 48932939, 0)"
249,47.37074386057979,8.525066875099936,35,"(48932941, 48932939, 0)"
250,47.37059176352907,8.527774492731577,218,"(48932950, 348211267, 0)"
251,47.37012812824488,8.527233203653687,37,"(48932950, 5300709216, 0)"
252,47.36974683888275,8.526620769914611,50,"(48932950, 5300709216, 0)"
253,47.37126691330904,8.529300617528396,98,"(48932966, 348211268, 0)"
254,47.37129633527244,8.52992962294974,23,"(48932975, 48932966, 0)"
255,47.37162472325774,8.529949405777845,142,"(48932975, 28851231, 0)"
256,47.37533710128201,8.517696092115303,109,"(48935968, 7108387602, 0)"
257,47.37543881683688,8.517261534728515,109,"(48935968, 7108387602, 0)"
258,47.37992521624704,8.524959106356677,35,"(52726920, 30826048, 0)"
259,47.37984500900711,8.525224082916209,307,"(52726920, 52726929, 0)"
260,47.37889618573212,8.527256664387803,201,"(52726923, 28581686, 0)"
261,47.37955755605714,8.525754517880317,307,"(52726929, 292275999, 0)"
262,47.38358377459063,8.510520723514437,216,"(52727120, 1204180604, 0)"
263,47.38392121783372,8.508629590842173,212,"(52727126, 5206152842, 0)"
264,47.3834632277627,8.509340102140106,302,"(52727126, 52727120, 0)"
265,47.38406745102765,8.509272013703473,296,"(52727130, 6819488995, 0)"
266,47.38412439840368,8.508823011446985,32,"(52727130, 5206152842, 0)"
267,47.38430186818913,8.508983846030677,210,"(52727130, 5206152853, 0)"
268,47.38402967945216,8.507100759637362,40,"(52727137, 453810, 0)"
269,47.38465855189016,8.509782737408392,294,"(52727141, 6819488992, 0)"
270,47.38439417045027,8.510620081119535,114,"(52727147, 6819488992, 0)"
271,47.38413912393501,8.511395733911893,300,"(52727147, 2712360136, 0)"
272,47.38399983329283,8.511749123828034,302,"(52727147, 2712360136, 0)"
273,47.38179542268317,8.51380531821119,212,"(52727153, 26114443, 0)"
274,47.38378390382729,8.510110169915878,116,"(52727156, 6819488995, 0)"
275,47.38212251658834,8.504653050382629,41,"(52727174, 4822057641, 0)"
276,47.38203512445308,8.505324067920412,302,"(52727174, 3431421692, 0)"
277,47.38495508578043,8.523802743828881,106,"(71369076, 1167021687, 0)"
278,47.38349680341378,8.52750645888146,335,"(71369840, 354855554, 0)"
279,47.38366596407052,8.52740355154201,156,"(71369840, 71380054, 0)"
280,47.38334823460151,8.528009512704944,122,"(71371186, 354855553, 0)"
281,47.38348218113538,8.52838696879219,212,"(71371186, 1387934397, 0)"
282,47.38666386921217,8.527167307850913,305,"(71377098, 94113061, 0)"
283,47.38644179677617,8.527630839014048,305,"(71377098, 94113061, 0)"
284,47.38647641272241,8.526883459695403,5,"(71377098, 283245664, 0)"
285,47.38430220905714,8.525748890766446,303,"(71379260, 4330952542, 0)"
286,47.38388496089656,8.52670104269956,123,"(71380051, 4330952546, 0)"
287,47.38411762047377,8.527414056510942,205,"(71380054, 443220999, 0)"
288,47.38421018754559,8.527128807171389,162,"(71380054, 301141722, 0)"
289,47.3856165410896,8.528485154716005,23,"(71380066, 2781141964, 0)"
290,47.38589842115017,8.528407531277258,138,"(71380066, 94113061, 0)"
291,47.38624784107827,8.529326302837072,317,"(71380069, 2367623092, 0)"
292,47.38661678164132,8.528830848700693,137,"(71380069, 568338747, 0)"
293,47.38677751954904,8.52862429758424,137,"(71380069, 568338747, 0)"
294,47.38684363795451,8.528738426333282,137,"(71380069, 568338747, 1)"
295,47.37514979987658,8.51328729030471,229,"(73129590, 104295048, 0)"
296,47.37057059806462,8.51609204538442,79,"(73129598, 130117601, 0)"
297,47.37522640301101,8.515884823161096,230,"(73132607, 1497718181, 0)"
298,47.37273774803697,8.512573578174328,322,"(73132609, 130117744, 0)"
299,47.37039023163526,8.513991515434272,78,"(73136875, 301660895, 0)"
300,47.36948113852861,8.517019698037778,132,"(73147749, 130117600, 0)"
301,47.36920288911038,8.517232463691089,26,"(73147749, 1545780850, 0)"
302,47.38627079838804,8.504345096969452,113,"(74574330, 3309608190, 0)"
303,47.3859568762548,8.505405488425502,293,"(74574330, 453805, 0)"
304,47.37255439517507,8.518543004194283,140,"(81507775, 81507542, 0)"
305,47.37231887400101,8.518885535040935,50,"(81507775, 130114008, 0)"
306,47.37090695095397,8.520492252394051,53,"(81507777, 4635805322, 0)"
307,47.3713258002531,8.520729056596517,58,"(81508031, 81507777, 0)"
308,47.37145070487751,8.5229421529816,316,"(81508252, 301202336, 0)"
309,47.36551279067363,8.521580922809118,172,"(81560208, 81563190, 0)"
310,47.36544829870579,8.521621641623495,203,"(81560208, 81560707, 0)"
311,47.36590603081675,8.521998897018241,207,"(81560208, 81560707, 0)"
312,47.36527874946125,8.521609712255282,353,"(81560208, 1386801941, 0)"
313,47.36532475997136,8.521559633099354,24,"(81560208, 81563317, 0)"
314,47.36710317358867,8.521382687407126,325,"(81561244, 3674792618, 0)"
315,47.36691651442005,8.520885543858801,51,"(81561244, 81561961, 0)"
316,47.36727474817928,8.521208386108233,145,"(81561244, 81561246, 0)"
317,47.36645775311465,8.52203613896186,326,"(81561757, 81560707, 0)"
318,47.36645984504477,8.5214570641677,52,"(81561757, 81561793, 0)"
319,47.36646507207085,8.520739233226141,140,"(81561793, 81561961, 0)"
320,47.36605490625992,8.521247082827161,320,"(81561793, 81563190, 0)"
321,47.365271088935,8.519971357862982,187,"(81563095, 81563097, 0)"
322,47.36647222110697,8.51996234250317,188,"(81563097, 81563098, 0)"
323,47.36513714119643,8.52143410848493,205,"(81563317, 81560208, 0)"
324,47.38828134659425,8.51672465099318,303,"(84486754, 2349931043, 0)"
325,47.38847611356925,8.515626017594993,29,"(84486754, 1960756757, 0)"
326,47.38991956091977,8.517785294265368,296,"(84486791, 3297128550, 0)"
327,47.36957763220567,8.531950086111252,137,"(88993782, 88993783, 0)"
328,47.36934276294203,8.532299546138105,312,"(88998467, 38439578, 0)"
329,47.36951473432271,8.532044822631919,136,"(88998467, 88993782, 0)"
330,47.38649959243214,8.52796312491007,211,"(94113061, 568338747, 0)"
331,47.3670850777275,8.52303133572118,209,"(94719539, 260747053, 0)"
332,47.36667374635939,8.522689341075537,29,"(94719539, 81560707, 0)"
333,47.36909309072546,8.52448772228397,288,"(94720406, 2878682905, 0)"
334,47.36912066753831,8.5192795515456,332,"(94721769, 267276283, 0)"
335,47.38554977987931,8.528848926734996,138,"(103831094, 71380066, 0)"
336,47.38485446397087,8.528820306763684,25,"(103831094, 103831287, 0)"
337,47.38419749086145,8.528664351367684,306,"(103831287, 4520340832, 0)"
338,47.38359651532048,8.529493079289711,28,"(103831661, 1387934390, 0)"
339,47.38390743593042,8.529840278240576,223,"(103831661, 291562173, 0)"
340,47.38362059595869,8.529811213360759,306,"(103831661, 29382417, 0)"
341,47.3830850505405,8.529043477600196,212,"(103831747, 443221966, 0)"
342,47.38312071467701,8.52856418043306,122,"(103831747, 71371186, 0)"
343,47.38676918310828,8.502689135241448,293,"(104283980, 3309608190, 0)"
344,47.38663970133442,8.503119243198915,293,"(104283980, 3309608190, 0)"
345,47.38694949514321,8.502076637283364,113,"(104283980, 3309344218, 0)"
346,47.37628380889782,8.513988414981453,319,"(104303882, 104304010, 0)"
347,47.374316599163,8.514943803498028,134,"(104306448, 289764336, 0)"
348,47.37408353605269,8.514910608276546,229,"(104306527, 104306448, 0)"
349,47.37205657870013,8.519153399242972,140,"(104310829, 81507775, 0)"
350,47.37180061488371,8.519683128339704,230,"(104310829, 8892693340, 0)"
351,47.36634686205868,8.533325681838752,334,"(104339658, 26886960, 0)"
352,47.36633633858604,8.532833614920863,36,"(104339658, 4963456279, 0)"
353,47.37251107777855,8.52097159894314,314,"(107204001, 130115362, 0)"
354,47.37245402249593,8.520869269098666,50,"(107204001, 301210179, 0)"
355,47.36808355734818,8.51129504938802,229,"(112980330, 1545780766, 0)"
356,47.37099965355116,8.508714205492305,34,"(112984227, 112984235, 0)"
357,47.37067145644394,8.508784854066375,305,"(112984235, 5206443095, 0)"
358,47.37775760614211,8.507513858442906,72,"(112991191, 2211544485, 0)"
359,47.37886158177361,8.510959150189093,32,"(114009709, 1572922737, 0)"
360,47.39024524317962,8.510081618658578,114,"(116928351, 3556436156, 0)"
361,47.37324456430844,8.52020946779743,135,"(130113831, 47775370, 0)"
362,47.37291423153277,8.520701365483612,315,"(130113831, 107204001, 0)"
363,47.37092712765406,8.5168606379646,25,"(130114009, 267871096, 0)"
364,47.37194485781729,8.520602705541238,140,"(130115400, 301210179, 0)"
365,47.3715434775256,8.520185224474114,65,"(130115400, 130115401, 0)"
366,47.37187062329647,8.520694227333134,320,"(130115400, 81508031, 0)"
367,47.37159857204263,8.519719247793338,140,"(130115401, 104310829, 0)"
368,47.37006435783847,8.51607378228212,132,"(130117600, 130117601, 0)"
369,47.37045808197911,8.515172304634923,79,"(130117601, 1545781190, 0)"
370,47.37050278841609,8.515530924100004,260,"(130117601, 73129598, 0)"
371,47.37253460151813,8.51221802087746,230,"(130117654, 130117744, 0)"
372,47.37236580201522,8.511904234007103,123,"(130117654, 73132610, 0)"
373,47.37302219811544,8.513086689793385,229,"(130117744, 130117745, 0)"
374,47.37331734372798,8.513601636189778,229,"(130117744, 130117745, 0)"
375,47.37326974507756,8.514165121478795,324,"(130117745, 73129594, 0)"
376,47.37083258315709,8.510660468605282,123,"(130117884, 30271793, 0)"
377,47.37043675149066,8.511388950449684,315,"(130117884, 27488750, 0)"
378,47.37113141089523,8.512311207900018,315,"(130117885, 130117920, 0)"
379,47.37109816011898,8.511511347549208,33,"(130117885, 130117884, 0)"
380,47.37066825974372,8.512827644481202,327,"(130117920, 2172649690, 0)"
381,47.37122428351751,8.513867779099241,230,"(130118023, 130118253, 0)"
382,47.37196753861554,8.515525023869074,324,"(130118025, 150535980, 0)"
383,47.3712732489056,8.514492062411996,322,"(130118253, 130118254, 0)"
384,47.3717814676194,8.514875196779984,230,"(130118253, 130118025, 0)"
385,47.3712580261576,8.51530514925714,230,"(130118254, 7962943667, 0)"
386,47.37083314401441,8.514524959121651,50,"(130118254, 267871097, 0)"
387,47.37072446231423,8.515117646452431,320,"(130118254, 130117601, 0)"
388,47.3862274596807,8.521986269286009,231,"(139978657, 452630930, 0)"
389,47.3863956915791,8.52229593241435,232,"(139978657, 452630930, 0)"
390,47.38658934556025,8.522726678272308,239,"(139978657, 452630930, 0)"
391,47.38834931502072,8.51959108759497,115,"(140027119, 3286730263, 0)"
392,47.38857878958366,8.518885829726086,115,"(140027119, 3286730263, 0)"
393,47.38886087826116,8.51804016568687,116,"(140027119, 3286730263, 0)"
394,47.38991027515874,8.521559338157184,212,"(140030618, 2967149445, 0)"
395,47.39036009219842,8.522292645759034,235,"(140153228, 2967181834, 0)"
396,47.38998325149053,8.510573735445782,292,"(143518996, 2027070079, 0)"
397,47.38991050594947,8.50979324582132,21,"(143518996, 143522271, 0)"
398,47.38351410093819,8.515512430548746,137,"(146577887, 146578394, 0)"
399,47.38418317839231,8.511275151097895,157,"(146578390, 301659705, 0)"
400,47.37394287912693,8.502727290448007,320,"(147625940, 27488777, 0)"
401,47.37378234050809,8.502943471844288,315,"(147625940, 27488777, 0)"
402,47.37340876138614,8.503527219244765,308,"(147625940, 27488777, 0)"
403,47.38809863520856,8.526656670987695,309,"(148882352, 5346953206, 0)"
404,47.38836938291448,8.526162086189666,129,"(148882352, 301141679, 0)"
405,47.38847931485323,8.525958708120339,129,"(148882352, 301141679, 0)"
406,47.38827594784208,8.525196616622187,215,"(149457082, 301141679, 0)"
407,47.38758711532934,8.52523891996535,306,"(149457082, 1052024705, 0)"
408,47.38794517949928,8.524501028200357,125,"(149457082, 6569753581, 0)"
409,47.387997231113,8.524393498082615,126,"(149457082, 6569753581, 0)"
410,47.3717446583487,8.525775847770571,62,"(150523519, 9339912333, 0)"
411,47.37322478972556,8.52358865321866,135,"(150524650, 7395467423, 0)"
412,47.36929984840305,8.51999701172235,207,"(150535605, 2236927290, 0)"
413,47.36872200461811,8.518863218402227,249,"(150535743, 94721769, 0)"
414,47.36953738319225,8.518921949772228,331,"(150535753, 267276287, 0)"
415,47.36919993144755,8.519213299476538,331,"(150535753, 267276287, 0)"
416,47.37010116486994,8.517039241990046,36,"(150535844, 130117600, 0)"
417,47.37095245078528,8.51820166479639,228,"(150535844, 104319425, 0)"
418,47.37048350589625,8.517885186181237,293,"(150535844, 81508033, 0)"
419,47.37166956319464,8.51604137481848,229,"(150535980, 911771458, 0)"
420,47.3738629903125,8.518192998570527,50,"(150536055, 150536057, 0)"
421,47.37362912152265,8.518537526674496,320,"(150536055, 47775367, 0)"
422,47.37402679400622,8.518049434365944,141,"(150536055, 317436305, 0)"
423,47.37513394946661,8.517648114362217,318,"(150536175, 317436598, 0)"
424,47.37443515250805,8.51857235401298,136,"(150536177, 317436598, 0)"
425,47.37422575457771,8.518865141840497,318,"(150536177, 1765655828, 0)"
426,47.38449099167279,8.528064539793148,306,"(211167114, 103831287, 0)"
427,47.36792660871532,8.523725666866845,32,"(247178647, 4366172, 0)"
428,47.36932928186354,8.520929788144448,136,"(247178652, 29970250, 0)"
429,47.36958659484905,8.520562303285766,136,"(247178652, 29970250, 0)"
430,47.37004206909758,8.521784455774664,141,"(247178666, 247178628, 0)"
431,47.36741629646097,8.521814059912698,322,"(253209697, 94719595, 0)"
432,47.36676646283126,8.51072753997725,191,"(255857595, 4875436589, 0)"
433,47.36757786895342,8.513726553147881,139,"(255858462, 1545780826, 0)"
434,47.36843262741835,8.512663028734483,141,"(255858462, 1545780826, 0)"
435,47.36581950825352,8.509939469365326,134,"(255859939, 255859940, 0)"
436,47.37001510230397,8.5017445242204,194,"(258375353, 5020804664, 0)"
437,47.36649700146677,8.53191505884293,149,"(260674964, 104336438, 0)"
438,47.36933060539103,8.525562784782874,51,"(260746748, 2878682905, 0)"
439,47.36915744169794,8.527597765668414,287,"(260746774, 4916687493, 0)"
440,47.36918068557052,8.527466880846827,275,"(260746774, 260746927, 0)"
441,47.36838139466828,8.529046149325486,316,"(260746808, 4377135800, 0)"
442,47.36784713851792,8.529802538255955,316,"(260746808, 4377135800, 0)"
443,47.36719520039249,8.530731512614077,316,"(260746808, 4377135800, 0)"
444,47.36923054068541,8.527728878520785,103,"(260746927, 5300709216, 0)"
445,47.36937131550381,8.526942107491417,104,"(260746927, 5300709216, 0)"
446,47.36789964575986,8.523973895123099,213,"(260747056, 260746769, 0)"
447,47.36825191043665,8.524329328652183,214,"(260747056, 260746769, 0)"
448,47.36854443555104,8.52460742263433,210,"(260747056, 260746769, 0)"
449,47.36900285732058,8.525193264258375,230,"(260747056, 260746769, 0)"
450,47.36673073647247,8.518683669196962,334,"(267271443, 3522649337, 0)"
451,47.36731154863207,8.518269764609279,153,"(267271443, 3832917169, 0)"
452,47.36798365485429,8.517692933311173,145,"(267271443, 3832917169, 0)"
453,47.36677923506585,8.516721509943256,158,"(267271444, 268832003, 0)"
454,47.36658939854878,8.516829199328967,248,"(267271444, 267271447, 0)"
455,47.36698970734594,8.51599250557686,249,"(267271445, 268832003, 0)"
456,47.366977038189,8.515300342572942,158,"(267271445, 27488746, 0)"
457,47.3672306365003,8.518327910707928,153,"(267271447, 4320255644, 0)"
458,47.36689905895377,8.518474251434714,243,"(267271447, 267271443, 0)"
459,47.36521824300164,8.52032762789073,102,"(267468815, 81563095, 0)"
460,47.36984883979295,8.512176422203115,140,"(267871094, 27488750, 0)"
461,47.37099564364625,8.516496879437941,145,"(267871096, 7606016891, 0)"
462,47.36547939886383,8.532553604407306,160,"(268486955, 268486956, 0)"
463,47.36538704332001,8.533220475750303,247,"(268486955, 43599533, 0)"
464,47.36582743011867,8.532925894935259,243,"(268486956, 26886960, 0)"
465,47.36706225673585,8.516565574757738,242,"(268832003, 4320255644, 0)"
466,47.36708559269522,8.516365733654006,159,"(268832003, 73140272, 0)"
467,47.37811688584164,8.51989824191342,212,"(279262855, 30825863, 0)"
468,47.37721016142473,8.527542651782207,219,"(279263018, 279263027, 0)"
469,47.37718362133737,8.528255322492264,307,"(279263027, 702999103, 0)"
470,47.38651089496836,8.523714792448512,245,"(283244288, 1052024738, 0)"
471,47.38668064255362,8.523349151168922,124,"(283244288, 452630930, 0)"
472,47.38646049244601,8.525698412539114,304,"(283245628, 4887611013, 0)"
473,47.38614218898584,8.526382511068139,123,"(283245664, 4887611013, 0)"
474,47.38578244268442,8.526786318219292,2,"(283245664, 1016341252, 0)"
475,47.37404755232897,8.502884377504826,135,"(286408592, 104242744, 0)"
476,47.37384601787718,8.503173222049012,313,"(286408593, 2212535032, 0)"
477,47.37471121638123,8.514995666191082,230,"(289764336, 73132607, 0)"
478,47.38023833209992,8.526575065393835,307,"(292266876, 292275977, 0)"
479,47.37938643903695,8.526045972153117,217,"(292275978, 292275999, 0)"
480,47.3795240645431,8.526218986516586,219,"(292275999, 292276116, 0)"
481,47.37910296041117,8.526615834309075,307,"(292275999, 52726923, 0)"
482,47.37966951628918,8.52641514752829,216,"(292276692, 292275977, 0)"
483,47.38049197850965,8.525069000883013,216,"(292279061, 28137448, 0)"
484,47.38021612849844,8.524779232366752,35,"(292279061, 28137449, 0)"
485,47.38586657550024,8.519035900910225,289,"(294907257, 4032154631, 0)"
486,47.36652464468614,8.505236245958816,58,"(297734590, 470918405, 0)"
487,47.36678386179807,8.50593743319259,242,"(297734590, 320122354, 0)"
488,47.3669579060219,8.506468398245758,244,"(297734590, 320122354, 0)"
489,47.37366551190289,8.522908183934582,133,"(297957786, 6878895423, 0)"
490,47.37340790014418,8.523298457343076,314,"(297957786, 297957913, 0)"
491,47.37353708795558,8.523102740034474,221,"(297957786, 7395467424, 0)"
492,47.37302224440958,8.523912437120511,309,"(297957913, 47775357, 0)"
493,47.37437096481582,8.522497722694926,93,"(297958412, 5285897990, 0)"
494,47.37435686805271,8.522885989654792,272,"(297958412, 48932836, 0)"
495,47.38842412082804,8.526060932052955,310,"(301141679, 148882352, 1)"
496,47.38874662291665,8.525482950022587,130,"(301141679, 114219723, 0)"
497,47.38463966392432,8.526951804196797,348,"(301141722, 71380054, 0)"
498,47.37251962524389,8.527749716891423,266,"(301201272, 107197962, 0)"
499,47.37253994861143,8.528268064948373,268,"(301201272, 107197962, 0)"
500,47.37163678973828,8.525376972538284,242,"(301202326, 9339912333, 0)"
501,47.37112777203508,8.52381842092496,246,"(301202336, 2222329413, 0)"
502,47.37277396579807,8.522921570261433,317,"(301204091, 4248154584, 0)"
503,47.37225138940998,8.520506152589011,230,"(301210179, 107204001, 0)"
504,47.37988548791792,8.516503389436338,202,"(301217536, 28137416, 0)"
505,47.38178313664445,8.504216549130819,219,"(312630283, 4822057641, 0)"
506,47.38073775813776,8.50267285535754,42,"(312630372, 112997361, 0)"
507,47.37720168401342,8.516364662432066,172,"(316496011, 316739956, 0)"
508,47.37631314731407,8.516519537220551,174,"(316507908, 316678251, 0)"
509,47.37672886170258,8.51529462696207,124,"(316507921, 2476348852, 0)"
510,47.37643429192575,8.515336475476609,36,"(316507921, 823735485, 0)"
511,47.37689964293874,8.514303237996472,40,"(316507923, 823735446, 0)"
512,47.37628291251689,8.518364334012999,357,"(316678301, 3310785405, 0)"
513,47.37763475536471,8.516296706045368,353,"(316739956, 316496011, 0)"
514,47.37441151299375,8.518032300763585,228,"(317436305, 317436598, 0)"
515,47.37440454907818,8.517576223354858,139,"(317436305, 150536025, 0)"
516,47.37481599087775,8.518061929585436,138,"(317436598, 150536175, 0)"
517,47.38349696961892,8.511079448307955,305,"(317927412, 4916727035, 0)"
518,47.38382664215794,8.51078426328146,214,"(317927412, 6819489020, 0)"
519,47.37637971115463,8.529445879167897,46,"(318214701, 318214542, 0)"
520,47.37651391064705,8.529242740365332,134,"(318214701, 318214698, 0)"
521,47.37686787539518,8.533394753354212,224,"(318215099, 30230049, 0)"
522,47.37085057274,8.52358770528869,328,"(319624376, 319624434, 0)"
523,47.37055537244498,8.523397599598741,57,"(319624434, 7781085583, 0)"
524,47.37032819749329,8.522948315694952,229,"(319624436, 7781085583, 0)"
525,47.37026805851023,8.522835964346045,320,"(319624436, 48932937, 0)"
526,47.37024626521131,8.52266240648646,140,"(319624436, 29970249, 0)"
527,47.37006933630649,8.520873145002012,52,"(319830860, 319830974, 0)"
528,47.36912374721394,8.505989875024559,349,"(320122351, 436565297, 0)"
529,47.36938255127377,8.506466645900591,260,"(320122351, 3497778769, 0)"
530,47.36535001482765,8.502869964898094,232,"(320122793, 470918405, 0)"
531,47.36542460969802,8.503006496655642,232,"(320122793, 470918405, 0)"
532,47.38102805981934,8.532055082103296,291,"(338492810, 1373290748, 0)"
533,47.38046938435913,8.526146078331486,128,"(347339990, 315269393, 0)"
534,47.37110814467613,8.525962556026801,128,"(348086401, 48932941, 0)"
535,47.37100063708817,8.52616914028847,34,"(348086457, 348086401, 0)"
536,47.37081037930318,8.528238445458756,327,"(348211267, 7638173649, 0)"
537,47.37116907330694,8.528450597569313,218,"(348211267, 348211268, 0)"
538,47.36742345439259,8.506757638466523,336,"(349232214, 7750439306, 0)"
539,47.3678569206747,8.506509541698719,159,"(349232214, 7677603543, 0)"
540,47.36768510640952,8.506599589281615,251,"(349232214, 2236927032, 0)"
541,47.36867318660497,8.509401699971404,128,"(349232240, 436565303, 0)"
542,47.36887392235825,8.50907816781484,133,"(349232240, 436565303, 0)"
543,47.36890935564842,8.532705680853763,153,"(353135996, 38439578, 0)"
544,47.3830748225839,8.527811850723923,333,"(354855554, 5336880721, 0)"
545,47.38280982474355,8.528033317855755,330,"(354855554, 5336880721, 0)"
546,47.38250390678421,8.52828887885986,326,"(354855554, 5336880721, 0)"
547,47.37132485108523,8.52450650561567,245,"(390470837, 48932909, 0)"
548,47.37833707763518,8.517142463541724,303,"(429611901, 28579863, 0)"
549,47.37838273335684,8.517028688915909,121,"(429611901, 28580544, 0)"
550,47.37730526083996,8.508615651477493,314,"(430275495, 47775255, 0)"
551,47.37483868898526,8.501820292655012,322,"(430393458, 3445582710, 0)"
552,47.37773266922003,8.507386138655491,68,"(430399701, 2217698990, 0)"
553,47.37763644888503,8.506880405340869,77,"(430399701, 2217698990, 0)"
554,47.37761750916798,8.506596498991891,85,"(430399701, 2217698990, 0)"
555,47.37887012765767,8.515630832639353,113,"(431092563, 28580591, 0)"
556,47.36884438746463,8.506086696354737,168,"(436565297, 320122351, 0)"
557,47.36881598161607,8.50638710708588,259,"(436565297, 436565303, 0)"
558,47.36885792048903,8.506747866143002,259,"(436565297, 436565303, 0)"
559,47.36890711987311,8.507172670887128,259,"(436565297, 436565303, 0)"
560,47.36900837189849,8.507952661527996,259,"(436565297, 436565303, 0)"
561,47.3692948983455,8.508451978498638,139,"(436565303, 112981617, 0)"
562,47.37811159491474,8.507225931659772,129,"(437009698, 2213331475, 0)"
563,47.38182457807837,8.5300274156165,29,"(443216068, 443219911, 0)"
564,47.38241573217859,8.530071970582,132,"(443216068, 71370877, 0)"
565,47.38341698247474,8.531633461018712,227,"(443216070, 494829907, 0)"
566,47.38361906385429,8.531356947780132,137,"(443216070, 29033209, 0)"
567,47.38160952587005,8.530395060335776,291,"(443219911, 30825897, 0)"
568,47.38390243884879,8.52879954621628,212,"(443220993, 4520340832, 0)"
569,47.38427593098354,8.52752992386939,305,"(443220999, 5773947896, 0)"
570,47.38305442245576,8.530210480697457,209,"(443221965, 29382417, 0)"
571,47.38327622758648,8.529210833204768,301,"(443221966, 1654824145, 0)"
572,47.38342962857891,8.52934602714658,209,"(443221966, 1387934390, 0)"
573,47.38690703532273,8.522834571891616,124,"(452630930, 2266702345, 0)"
574,47.38717017491937,8.522270240677424,124,"(452630930, 2266702345, 0)"
575,47.36562113666689,8.505586794271855,269,"(470918405, 297734590, 0)"
576,47.36620706031793,8.506045033421808,152,"(470918405, 297734590, 0)"
577,47.36589356671271,8.507912929068215,148,"(470919373, 3380598134, 0)"
578,47.3658551383617,8.50822765541586,58,"(470919756, 470919373, 0)"
579,47.37063786571635,8.501991818008866,195,"(470920253, 27488775, 0)"
580,47.37045362183818,8.501918460289914,15,"(470920253, 5020804664, 0)"
581,47.37497845671098,8.513940453935286,228,"(473403329, 473403330, 0)"
582,47.37498498880007,8.51393054092456,136,"(473403329, 104295048, 0)"
583,47.37479171734369,8.514226141040837,312,"(473403329, 289764336, 0)"
584,47.37527265078084,8.515234688885712,320,"(473403330, 73132607, 0)"
585,47.3759361687366,8.514619719741557,140,"(473403330, 104304010, 0)"
586,47.36861469568683,8.51368110276025,143,"(479726138, 7660504488, 0)"
587,47.36577093214834,8.51363070157229,26,"(479726895, 6184456880, 0)"
588,47.36602625420041,8.513821766779296,146,"(479726907, 479726895, 0)"
589,47.37285183861921,8.530555235239188,249,"(480426209, 5116225774, 0)"
590,47.36669956393497,8.5072642911842,333,"(485409248, 3380598134, 0)"
591,47.38353298972243,8.532226594780578,227,"(494829907, 443216071, 0)"
592,47.36610479462345,8.502232809908891,166,"(495339099, 7751474682, 0)"
593,47.365910249884,8.502070773291104,74,"(495339099, 495339114, 0)"
594,47.36602021594901,8.501320473147826,164,"(495339099, 495339114, 0)"
595,47.36629747456137,8.501225323523345,166,"(495339099, 495339114, 0)"
596,47.36657499266425,8.501848730144584,258,"(495339099, 495339114, 0)"
597,47.36669773428036,8.502007401791921,165,"(495339114, 7751906392, 0)"
598,47.36626144171961,8.532749824122378,217,"(549319416, 104339658, 0)"
599,47.37213920416369,8.524089058092448,142,"(559450666, 48932873, 0)"
600,47.37990248358521,8.520681022850079,304,"(568338656, 4807845068, 0)"
601,47.3727284996389,8.529938755370026,116,"(631161256, 631161260, 0)"
602,47.3719974046501,8.530839051098013,110,"(631161256, 631161256, 0)"
603,47.37267590107484,8.529647030804004,76,"(631161268, 27256991, 0)"
604,47.39102312439476,8.505545312813585,201,"(686830363, 4526333491, 0)"
605,47.38752399021602,8.527625177045195,132,"(721046206, 5336880753, 0)"
606,47.38726191053679,8.528042982953563,312,"(721046206, 568338747, 0)"
607,47.38735861553994,8.527896810162083,43,"(721046218, 721046206, 0)"
608,47.37962789281439,8.507185136151778,303,"(823723421, 823723439, 0)"
609,47.37947603058007,8.507520770993187,307,"(823723421, 823723439, 0)"
610,47.37932293865545,8.507853716169297,303,"(823723421, 823723439, 0)"
611,47.37872593773927,8.509420284874002,124,"(823723427, 2681122609, 0)"
612,47.38037543431483,8.505768755885724,122,"(823723434, 4822057639, 0)"
613,47.37912184304862,8.508301766499132,304,"(823723439, 823723430, 0)"
614,47.37873130973735,8.50919180598391,303,"(823723439, 823723430, 0)"
615,47.37748711994843,8.512104506012424,300,"(823735435, 823735458, 0)"
616,47.37680765545713,8.51387431729546,125,"(823735446, 823735461, 0)"
617,47.3769876242412,8.51349388680106,125,"(823735446, 823735461, 0)"
618,47.37714356452054,8.513168307374688,126,"(823735446, 823735461, 0)"
619,47.37781208258933,8.511541142321345,120,"(823735450, 823735438, 0)"
620,47.37663756695696,8.513899391252417,306,"(823735454, 1569509971, 0)"
621,47.37698766392693,8.513196812405077,306,"(823735458, 823735454, 0)"
622,47.3758356134009,8.516101666853,117,"(823735476, 823735485, 0)"
623,47.3759644729638,8.515745875664246,118,"(823735476, 823735485, 0)"
624,47.37627897651026,8.514956808792954,121,"(823735485, 2476346610, 0)"
625,47.37538027270988,8.51751477672838,290,"(847222965, 48935968, 0)"
626,47.37520296437716,8.518281794957243,287,"(847222965, 48935968, 0)"
627,47.38002207055166,8.522162968197307,64,"(848768378, 4807845068, 0)"
628,47.37998336317996,8.522046550129746,57,"(848768378, 4807845068, 0)"
629,47.37207636726249,8.516354085112159,48,"(911771458, 150535980, 0)"
630,47.37457384916705,8.53051687430353,138,"(936942831, 936942881, 0)"
631,47.37481479676016,8.530209085390004,139,"(936942881, 28582131, 0)"
632,47.37474697045885,8.530296230771995,230,"(936942881, 936942831, 0)"
633,47.37993947551897,8.52300512684503,307,"(936975127, 4163502474, 0)"
634,47.37961868086136,8.52714597678051,127,"(950696619, 292275977, 0)"
635,47.37956431765586,8.52724925535406,307,"(950696619, 30826051, 0)"
636,47.38573988210671,8.521297661703109,214,"(958588376, 139978657, 0)"
637,47.36776962238191,8.530198599324741,288,"(982208838, 5250583544, 0)"
638,47.36744509748083,8.530639722839226,331,"(982208838, 5250583544, 0)"
639,47.36721073591396,8.530958411761008,330,"(982208838, 5250583544, 0)"
640,47.36679700635529,8.532875544854315,317,"(990343524, 104339658, 0)"
641,47.3857692282946,8.52730767099638,211,"(1016341252, 94113061, 0)"
642,47.3851833038127,8.52933062162458,137,"(1016367444, 103831094, 0)"
643,47.384519041801,8.52944232170123,215,"(1016367455, 5342335628, 0)"
644,47.38732802615946,8.527046233602874,7,"(1016434979, 71377098, 0)"
645,47.38745354672852,8.525512973805286,62,"(1052024705, 1052024759, 0)"
646,47.3684496724888,8.50528479669286,259,"(1122200986, 3497832200, 0)"
647,47.36833836067828,8.504528558099748,79,"(1122200986, 4951135114, 0)"
648,47.38501350868388,8.523558464703274,292,"(1167021687, 71369076, 0)"
649,47.38665761553177,8.520242935833263,30,"(1167021720, 1167021769, 1)"
650,47.38661956199009,8.520330348560725,211,"(1167021720, 1167021769, 1)"
651,47.38642206131316,8.520786678109447,303,"(1167021769, 1553983724, 0)"
652,47.38459230078391,8.509243279952484,209,"(1204180605, 52727141, 0)"
653,47.38561044721279,8.508711970074128,97,"(1229170072, 1229170105, 0)"
654,47.38501382300365,8.508803053678605,24,"(1229170072, 3780703394, 0)"
655,47.38481757555046,8.509262484383227,178,"(1229217789, 8957515292, 0)"
656,47.38880646646524,8.509784870457546,294,"(1229853861, 1229855185, 0)"
657,47.38872824969047,8.509735860330828,103,"(1229855185, 7051810400, 0)"
658,47.38889456538728,8.509853739483503,105,"(1229855185, 1229853861, 0)"
659,47.38864532427386,8.509691468940353,290,"(1229855198, 7051810400, 0)"
660,47.38260842831099,8.51576952936849,140,"(1230737833, 146577885, 0)"
661,47.3673876341617,8.528714221335584,60,"(1245887775, 3612616052, 0)"
662,47.3674944977067,8.529013505391296,238,"(1245887785, 5250583485, 0)"
663,47.36761091525258,8.529317802578515,237,"(1245887785, 5250583485, 0)"
664,47.36777440201568,8.52966160122345,231,"(1245887785, 5250583485, 0)"
665,47.36734848866952,8.528590823097105,64,"(1245887785, 34646053, 0)"
666,47.38270510041325,8.529919116007605,29,"(1372024222, 71370877, 0)"
667,47.38223797946051,8.529521660568525,29,"(1373309485, 30825896, 0)"
668,47.38131619035732,8.533262368327385,228,"(1376616246, 1376616247, 0)"
669,47.3812460775221,8.533355806926476,317,"(1376616246, 1373290806, 0)"
670,47.38350594139465,8.529413275884327,124,"(1387934390, 1387934397, 0)"
671,47.37922579197085,8.516035850499996,23,"(1413703439, 28580544, 0)"
672,47.37016766136011,8.505386194435939,352,"(1512994042, 2216491072, 0)"
673,47.36844399445253,8.51192866310312,228,"(1545780766, 1545780826, 0)"
674,47.36804484868563,8.51190691284471,317,"(1545780766, 2976175072, 0)"
675,47.3689756083349,8.512720943196737,41,"(1545780916, 1545780826, 0)"
676,47.36948873281111,8.51336782073679,220,"(1545780916, 1545781029, 0)"
677,47.37001815616647,8.514029175482555,219,"(1545781029, 2172649691, 0)"
678,47.3701494680985,8.512577283765046,80,"(1545781170, 27488750, 0)"
679,47.37038178722991,8.514646217775606,79,"(1545781190, 73136875, 0)"
680,47.385830950522,8.519896280085359,109,"(1553983724, 5341084677, 0)"
681,47.38607897644532,8.518902053644466,109,"(1553983724, 5341084677, 0)"
682,47.3856967904122,8.520236961592948,108,"(1553983724, 4041937360, 0)"
683,47.37611874185791,8.515047465337817,303,"(1569509971, 823735470, 0)"
684,47.37538499534867,8.518126907974164,110,"(1577028828, 847222969, 0)"
685,47.37553408891308,8.517508120342034,109,"(1577028828, 847222969, 0)"
686,47.37814023533259,8.51369504212961,302,"(1608620061, 47775224, 0)"
687,47.3786565955892,8.51471736635367,43,"(1608620069, 1608620095, 0)"
688,47.38971578992932,8.511884955356283,109,"(1828996344, 116928351, 0)"
689,47.38981236284507,8.51151727529446,114,"(1828996344, 116928351, 0)"
690,47.38989359463849,8.51124531939675,113,"(1828996344, 116928351, 0)"
691,47.39007838389999,8.510629036151837,113,"(1828996344, 116928351, 0)"
692,47.36792747481127,8.532230865215071,63,"(1829787142, 1829787138, 0)"
693,47.38777150656504,8.515635833997752,236,"(1967203546, 4562016625, 0)"
694,47.38762822895507,8.515223375858323,30,"(1967203546, 3248044176, 0)"
695,47.38748743761688,8.51510338457069,29,"(1967203546, 3248044176, 0)"
696,47.38768098800702,8.515865731963403,303,"(1967203546, 2318521700, 0)"
697,47.38644276984711,8.516665866850348,70,"(1984598347, 2318521701, 0)"
698,47.37812688944691,8.533771754215168,216,"(2026646747, 3628302720, 0)"
699,47.37780751977233,8.53341141170995,37,"(2026646747, 1923986931, 0)"
700,47.38674008976106,8.517628617964947,184,"(2027070029, 2318521700, 0)"
701,47.38708562047756,8.517149678351014,124,"(2027070029, 2318521700, 0)"
702,47.37011676600658,8.51336771607818,327,"(2172649686, 1545781029, 0)"
703,47.37020091033174,8.513883432467937,260,"(2172649686, 2172649691, 0)"
704,47.37600621551447,8.514736608750432,48,"(2202561100, 104304010, 0)"
705,47.37244106112885,8.505295128051284,219,"(2207042968, 2207043010, 0)"
706,47.37307406537972,8.504175682328308,130,"(2207042968, 27488777, 0)"
707,47.37232477656242,8.505506954789622,308,"(2207042968, 3331494273, 0)"
708,47.37198696897026,8.506149641926905,306,"(2207042968, 3331494273, 0)"
709,47.37176496523772,8.506586941839494,306,"(2207042968, 3331494273, 0)"
710,47.37157182847126,8.506975025491645,306,"(2207042968, 3331494273, 0)"
711,47.37034106433337,8.509487340910686,127,"(2207079671, 3052632374, 0)"
712,47.36529132755383,8.522687341483843,190,"(2208023824, 2208023872, 0)"
713,47.36578631747751,8.522714678899739,185,"(2208023824, 2208023872, 0)"
714,47.36626315640716,8.52280585471009,188,"(2208023824, 2208023872, 0)"
715,47.36649055291232,8.522876190674896,193,"(2208023824, 2208023872, 0)"
716,47.36691055293664,8.523054734255195,200,"(2208023824, 2208023872, 0)"
717,47.37456313564218,8.502142406712094,143,"(2211167638, 3445582710, 0)"
718,47.3744491753431,8.502280647850666,230,"(2211167638, 2211167664, 0)"
719,47.3749819478332,8.501656333785851,53,"(2213803320, 430393458, 0)"
720,47.37010888774347,8.504513333793325,85,"(2216491072, 6453143823, 0)"
721,47.36861342671133,8.509498025705575,55,"(2236927032, 349232214, 0)"
722,47.36856021652853,8.509602346763444,335,"(2236927032, 7677603579, 0)"
723,47.37862523523065,8.527101904757878,201,"(2261078859, 52726923, 0)"
724,47.38751309832195,8.521509066464654,124,"(2266702348, 3023131108, 0)"
725,47.38772633688739,8.521049653107935,124,"(2266702348, 3023131108, 0)"
726,47.38799153160556,8.520529279117321,124,"(2266702348, 3023131108, 0)"
727,47.38694093921899,8.51839876489611,53,"(2293756838, 6167030328, 0)"
728,47.38742488206906,8.516429010904316,123,"(2318521700, 1967203546, 0)"
729,47.38614697254823,8.515394176162728,77,"(2318521701, 2349960206, 0)"
730,47.38623543846781,8.515841287727584,250,"(2318521701, 1984598347, 0)"
731,47.38757147862449,8.518260096384246,305,"(2349931043, 7996094289, 0)"
732,47.3765001184299,8.514482332302665,124,"(2476346610, 823735446, 0)"
733,47.37731876382355,8.515637414517137,302,"(2476348855, 7869017784, 0)"
734,47.36900205260488,8.503112621078378,150,"(2538474438, 5277690537, 0)"
735,47.36894775349337,8.502828773392562,167,"(2538474438, 5277690537, 0)"
736,47.37900578349474,8.508812087468042,214,"(2681122611, 2681122623, 0)"
737,47.38108095722777,8.507558256789782,123,"(2681137730, 5828316157, 0)"
738,47.37871992705498,8.512306870279364,307,"(2681143792, 2681143792, 0)"
739,47.377974630332,8.512450514791944,40,"(2681143792, 2681143792, 0)"
740,47.3795831948715,8.507528448912456,33,"(2681154869, 2681154873, 0)"
741,47.37963377071415,8.5074171753803,123,"(2681154873, 823723437, 0)"
742,47.38327830809605,8.511513478716587,213,"(2712360092, 6819489025, 0)"
743,47.3836648252779,8.512500198867857,303,"(2712360136, 455546, 0)"
744,47.38944692243354,8.513373229070424,105,"(2761746879, 1828996344, 0)"
745,47.38953549965566,8.512883782912553,104,"(2761746879, 1828996344, 0)"
746,47.38520041726805,8.528179175832367,25,"(2781141964, 2781141968, 0)"
747,47.38488102354783,8.527959312420338,25,"(2781141968, 211167114, 0)"
748,47.38251390721546,8.51571532678018,157,"(2923898717, 1811884656, 0)"
749,47.37696017529894,8.51479981702257,124,"(2953859237, 316507923, 0)"
750,47.38609887286378,8.517923628468857,33,"(2965760357, 5341084663, 0)"
751,47.38583963298008,8.517673813900364,33,"(2965760357, 5341084663, 0)"
752,47.38560595015178,8.517447556449339,32,"(2965760357, 5341084663, 0)"
753,47.3856773881353,8.517694193410254,211,"(2965760357, 5341084663, 0)"
754,47.38603103550985,8.517987699299987,213,"(2965760357, 5341084663, 0)"
755,47.39103044336816,8.521081105691481,290,"(2967144850, 820553355, 0)"
756,47.39087227466008,8.521595007467598,289,"(2967144850, 820553355, 0)"
757,47.39057245509911,8.522046721513458,207,"(2967149445, 2967149443, 0)"
758,47.39028764004168,8.521907409994895,22,"(2967149445, 140030618, 0)"
759,47.38981685660212,8.526273693578348,136,"(2967181837, 2967181836, 0)"
760,47.38963816725202,8.52660465892616,307,"(2967181837, 4366218, 0)"
761,47.36753114711918,8.512589162957987,317,"(2976175072, 7660504415, 0)"
762,47.3677597915694,8.512281816876865,47,"(2976175072, 2976175073, 0)"
763,47.36732045883704,8.510883616540944,227,"(2976175073, 2976175072, 0)"
764,47.38878536786224,8.520789972581055,213,"(3023131108, 975677239, 0)"
765,47.37044966738438,8.509264593266861,44,"(3052632374, 3052633129, 0)"
766,47.36982788816834,8.50886196959017,350,"(3052632374, 3052633129, 0)"
767,47.37050125470252,8.509158850805518,127,"(3052632374, 5206443095, 0)"
768,47.36981253179147,8.50873195644283,80,"(3052633129, 5277690547, 0)"
769,47.38904821336796,8.517499160544546,205,"(3286730262, 3286730263, 0)"
770,47.38947427013546,8.519115675526765,205,"(3297128536, 3297128550, 0)"
771,47.38898781716339,8.520635392691567,295,"(3297128550, 4074833669, 0)"
772,47.38963249830344,8.518635059834066,115,"(3297128550, 84486791, 0)"
773,47.38554541713896,8.504348530520604,41,"(3309608170, 8008933307, 0)"
774,47.38537737852445,8.504134702669134,41,"(3309608170, 8008933307, 0)"
775,47.38582283444601,8.504701060042153,221,"(3309608172, 74574330, 0)"
776,47.38630880775423,8.504218708894308,293,"(3309608180, 3309608172, 0)"
777,47.38652519320729,8.503499840532285,113,"(3309608190, 104283980, 0)"
778,47.38665783272939,8.502290973669432,212,"(3309608191, 104283980, 0)"
779,47.37090633223438,8.508619958837173,306,"(3331494271, 112984235, 0)"
780,47.37412466558286,8.533653490883355,33,"(3349675724, 5116225767, 0)"
781,47.37389037452294,8.53344854955073,31,"(3349675724, 5116225767, 0)"
782,47.37337799079092,8.533134535838515,18,"(3349675724, 5116225767, 0)"
783,47.36736293555056,8.521716747435647,136,"(3373668688, 3674792617, 0)"
784,47.36725150515701,8.521513657587743,50,"(3373668689, 81561244, 0)"
785,47.36637012297391,8.507514476115492,151,"(3380598134, 485409248, 0)"
786,47.36613069884136,8.507707378023674,329,"(3380598134, 470919373, 0)"
787,47.36998553087204,8.510991021442631,79,"(3421863232, 3788233997, 0)"
788,47.36908467161248,8.510923612256011,330,"(3421863236, 27488780, 0)"
789,47.37001267478147,8.511255463947371,349,"(3421863239, 7252375983, 0)"
790,47.36936385754152,8.510695055814796,330,"(3423540569, 3421863236, 0)"
791,47.3816273198511,8.5062935171859,121,"(3431421692, 52727174, 0)"
792,47.36951648387676,8.506386367099903,80,"(3497778762, 320122260, 0)"
793,47.36955174292729,8.507642110601552,259,"(3497778769, 5277690547, 0)"
794,47.36954598673757,8.506635441025288,349,"(3497778777, 3497778762, 0)"
795,47.36848365772929,8.50577049319826,259,"(3497832200, 7677603574, 0)"
796,47.3684540393726,8.505426056912865,169,"(3497832200, 3497832202, 0)"
797,47.3692488600194,8.505165909531767,260,"(3497832202, 3497832200, 0)"
798,47.36654686029862,8.518819301980654,241,"(3522649326, 3522649337, 0)"
799,47.36699592326482,8.521490332953826,53,"(3674792617, 3674792618, 0)"
800,47.36683744177512,8.52164945874701,325,"(3674792618, 81561757, 0)"
801,47.3896070636474,8.521342928530254,33,"(3693355419, 4041937386, 0)"
802,47.38837912316241,8.520155513955903,33,"(3693355419, 4041937386, 0)"
803,47.38726271023818,8.519094271593026,33,"(3693355419, 4041937386, 0)"
804,47.38627860223207,8.51809951952787,33,"(3693355419, 4041937386, 0)"
805,47.3841959965232,8.516222762468795,213,"(3696182577, 5130598287, 0)"
806,47.38490494625799,8.516909426703972,213,"(3696182577, 5130598287, 0)"
807,47.36991320826225,8.512093998832563,138,"(3788233993, 3421863239, 0)"
808,47.37613810095321,8.528571487123449,139,"(3788949122, 28582322, 0)"
809,47.37593142137292,8.528827425890109,220,"(3788949122, 8158126811, 0)"
810,47.38685369225065,8.520036513898582,122,"(3862469392, 5113304830, 0)"
811,47.38701395309683,8.519654657595643,122,"(3862469392, 5113304830, 0)"
812,47.38831415817825,8.5202062500188,213,"(3868754562, 5130598308, 0)"
813,47.38877792398283,8.520662881137401,213,"(3868754562, 5130598308, 0)"
814,47.38924117159717,8.521117422019179,213,"(3868754562, 5130598308, 0)"
815,47.38792360617624,8.51970332764516,33,"(3868754562, 5723286895, 0)"
816,47.38767398837334,8.519588645440123,33,"(3868754562, 5723286895, 0)"
817,47.38759553469514,8.51965880933683,33,"(3868754563, 5113304830, 0)"
818,47.38814451918902,8.51727460049942,125,"(3883117714, 3630408114, 0)"
819,47.38833068215677,8.516891423635416,125,"(3883117714, 3630408114, 0)"
820,47.38832123703573,8.516631754275625,122,"(3883117714, 3630408114, 0)"
821,47.39096481172493,8.521331240264972,109,"(3907102574, 2967144851, 0)"
822,47.39106430635677,8.520956121274468,109,"(3907102574, 2967144851, 0)"
823,47.3683632800557,8.51395378843924,144,"(3915992929, 479726138, 0)"
824,47.36853161243385,8.513767360853375,47,"(3915992933, 479726138, 0)"
825,47.38682845875053,8.5189137885274,213,"(3976302133, 4032163524, 0)"
826,47.38934554093258,8.511018344959469,78,"(4002994044, 143522277, 0)"
827,47.38914005817879,8.52204743798211,125,"(4011266462, 4191882096, 0)"
828,47.38919298683198,8.521931163985126,125,"(4011266462, 4191882096, 0)"
829,47.38696551349927,8.519531401585095,301,"(4032163524, 1167021720, 0)"
830,47.38618436843051,8.518533417628573,118,"(4041937360, 4041937385, 0)"
831,47.38694083147957,8.518876099258007,212,"(4041937371, 140153228, 0)"
832,47.38759601117732,8.519512293398302,212,"(4041937371, 140153228, 0)"
833,47.38816353599449,8.520061733260263,213,"(4041937371, 140153228, 0)"
834,47.38901011892094,8.520891064079159,213,"(4041937371, 140153228, 0)"
835,47.38582270065704,8.517845256764103,219,"(4041937372, 1553983909, 0)"
836,47.38577524775518,8.5194136826955,289,"(4041937372, 1553983909, 0)"
837,47.38565722461548,8.520115818785259,288,"(4041937372, 1553983909, 0)"
838,47.38586131817035,8.517871250670773,213,"(4041937372, 4041937385, 0)"
839,47.38642772385754,8.518412305836007,213,"(4041937385, 4041937371, 0)"
840,47.38592408264924,8.517755164357364,33,"(4041937386, 5130598286, 0)"
841,47.38874886815584,8.520407966806285,33,"(4074833669, 140027119, 0)"
842,47.38845877146877,8.520133884077868,33,"(4074833669, 140027119, 0)"
843,47.38293049678164,8.506770519958057,121,"(4076621559, 453810, 0)"
844,47.38245034319362,8.50791796449155,301,"(4076621562, 453814, 0)"
845,47.37983030937653,8.523203569209526,38,"(4163502474, 936975127, 0)"
846,47.3893817413589,8.521554870789878,125,"(4191882096, 975677239, 0)"
847,47.36989085818833,8.509397609419274,79,"(4226485090, 3052633129, 0)"
848,47.3808598229887,8.516540550104013,306,"(4241237218, 6276912968, 0)"
849,47.37398916179282,8.522026405025153,313,"(4248154582, 4248154587, 0)"
850,47.37386246599927,8.522609898835144,312,"(4248154582, 4248154587, 0)"
851,47.37256761217403,8.523208758807055,230,"(4248154584, 4248154585, 0)"
852,47.37249919842614,8.523303887968622,321,"(4248154584, 48932871, 0)"
853,47.36783020532705,8.517846162597541,149,"(4320255644, 4320255645, 0)"
854,47.38409757285502,8.526205838962222,302,"(4330952542, 4330952546, 0)"
855,47.38420560552409,8.525964325359343,16,"(4330952542, 4330952566, 0)"
856,47.38394165182252,8.52656261909132,15,"(4330952546, 4330952565, 0)"
857,47.38374219332105,8.527052961031357,13,"(4330952555, 4330952564, 0)"
858,47.37441664885465,8.521900993580026,106,"(4333509527, 2884057378, 0)"
859,47.36689824507084,8.501929846257111,345,"(4370878184, 7751906392, 0)"
860,47.36557921334256,8.502430475056125,344,"(4370879722, 84467920, 0)"
861,47.36756175652914,8.508961789657853,74,"(4370879724, 4875436574, 0)"
862,47.36697078093909,8.531284506921155,137,"(4377135798, 469720, 0)"
863,47.36728442617036,8.530858117058948,136,"(4377135798, 469720, 0)"
864,47.36791102815867,8.530005485475062,136,"(4377135798, 469720, 0)"
865,47.36851192249733,8.529158642501303,136,"(4377135798, 469720, 0)"
866,47.36663922974203,8.531436236480182,328,"(4377135800, 268486965, 0)"
867,47.36649241186337,8.531585030207896,325,"(4377135800, 268486965, 0)"
868,47.36622805920727,8.531828986268902,328,"(4377135800, 268486965, 0)"
869,47.3659830808193,8.532007977334507,334,"(4377135800, 268486965, 0)"
870,47.3838616610554,8.529337192661064,305,"(4520340832, 103831661, 0)"
871,47.37116169446502,8.527900995930269,215,"(4598752796, 4598752797, 0)"
872,47.37108673633097,8.527974942134865,325,"(4598752797, 348211267, 0)"
873,47.36506066225839,8.530964826251589,134,"(4752528236, 4752528237, 0)"
874,47.38075842926825,8.504636319142026,122,"(4822057639, 4822057645, 0)"
875,47.38198533301222,8.504472619106657,303,"(4822057641, 4822057643, 0)"
876,47.38189164269182,8.505663354890771,303,"(4822057641, 4822057643, 0)"
877,47.38087065395139,8.50462861986952,33,"(4822057644, 4822057645, 0)"
878,47.38096561041709,8.504408382648974,123,"(4822057645, 830721547, 0)"
879,47.37936973313031,8.50775179209041,124,"(4855949486, 2681154873, 0)"
880,47.36737280184582,8.508024526960527,71,"(4875436574, 7750427469, 0)"
881,47.36725943325673,8.50752120598813,69,"(4875436574, 7750427469, 0)"
882,47.38629590866282,8.526052242016034,33,"(4887611013, 4887961497, 0)"
883,47.38686153550027,8.526782672575854,35,"(4887611019, 4887618521, 0)"
884,47.36887746684044,8.528347750740387,316,"(4916687493, 260746808, 0)"
885,47.37425060278648,8.529014709753238,138,"(4916727027, 28582162, 0)"
886,47.3740740292327,8.52925946076896,318,"(4916727027, 28582237, 0)"
887,47.37155282598923,8.514150626088282,321,"(4956927714, 130118253, 0)"
888,47.37803490715032,8.516231380211439,353,"(4961745975, 316739956, 0)"
889,47.37844189727532,8.516162168010661,174,"(4961745981, 28580544, 0)"
890,47.36514701166083,8.53145890033476,8,"(4963456270, 147659457, 0)"
891,47.36620848481361,8.532159254342815,151,"(4963456279, 4377135798, 0)"
892,47.37186213009888,8.524399504471285,231,"(4971976338, 4971976340, 0)"
893,47.37018219615236,8.501810787959355,195,"(5020804664, 470920253, 0)"
894,47.36595156398808,8.510134470832767,313,"(5048543957, 4875436588, 0)"
895,47.37351278572199,8.531023422340802,289,"(5057847462, 4938694487, 0)"
896,47.38433723344502,8.507494935373185,121,"(5079695232, 52727137, 0)"
897,47.38685069365297,8.518757018790126,34,"(5113304831, 2967125821, 0)"
898,47.3732072138335,8.5314842624914,27,"(5116225742, 5116225775, 0)"
899,47.37288273557509,8.532849076001304,25,"(5116225756, 5257663398, 0)"
900,47.37253545786879,8.53256261303697,31,"(5116225756, 5257663398, 0)"
901,47.37229574248413,8.532347797779464,34,"(5116225756, 5257663398, 0)"
902,47.37312051377354,8.531423359459703,205,"(5116225783, 5116225786, 0)"
903,47.38636927610808,8.518188219622967,213,"(5130598284, 7996094289, 0)"
904,47.38673442623467,8.518545434287402,213,"(5130598284, 7996094289, 0)"
905,47.38516198007481,8.517019347065624,32,"(5130598288, 26114451, 0)"
906,47.38462469582919,8.516487468043776,33,"(5130598288, 26114451, 0)"
907,47.38414707382724,8.516023282638132,33,"(5130598288, 26114451, 0)"
908,47.38384317908106,8.515724632128915,33,"(5130598288, 26114451, 0)"
909,47.38348424807477,8.515383093984475,33,"(5130598288, 26114451, 0)"
910,47.38976136313696,8.52149367072748,212,"(5130598308, 5723286870, 0)"
911,47.3901636041095,8.521997383709936,213,"(5130598308, 5723286870, 0)"
912,47.38501183107088,8.50866020020383,115,"(5132952919, 453805, 0)"
913,47.36996008048419,8.51062718988402,100,"(5206443074, 5206443075, 0)"
914,47.37003174255503,8.510134188599238,129,"(5206443075, 5206443077, 0)"
915,47.37059444321695,8.50894408890623,307,"(5206443095, 3052632374, 0)"
916,47.36797883464589,8.531387836277881,320,"(5250583453, 3728216891, 0)"
917,47.36804037925716,8.529527785553254,137,"(5250583485, 5250583491, 0)"
918,47.36830448429371,8.52944722019395,47,"(5250583491, 5250583485, 0)"
919,47.36700128205245,8.531008279405498,226,"(5250583543, 5250583544, 0)"
920,47.36911374077096,8.504041648121666,259,"(5277690537, 5277690538, 0)"
921,47.36937186423174,8.505392767969584,260,"(5277690538, 1381910710, 0)"
922,47.36926585121753,8.505307344461611,274,"(5277690538, 320122351, 0)"
923,47.36928585015174,8.50556487300877,261,"(5277690538, 320122351, 0)"
924,47.36963290337578,8.508394944792197,259,"(5277690547, 27488751, 0)"
925,47.37418423206883,8.529106560740832,48,"(5283725118, 4916727027, 0)"
926,47.37657635988774,8.529148030901574,314,"(5283725456, 318214542, 0)"
927,47.37627191798616,8.529605734602315,314,"(5297597984, 27256988, 0)"
928,47.37634564232005,8.529497064368229,220,"(5299218354, 5297597984, 0)"
929,47.3729767022738,8.503709504954728,212,"(5302831353, 27488777, 0)"
930,47.37279622607292,8.503546088801574,32,"(5302831353, 5020801380, 0)"
931,47.39109465230946,8.50559629407359,112,"(5333039604, 6414403017, 0)"
932,47.3844346572573,8.527645267703871,297,"(5336878809, 5336878810, 0)"
933,47.38764915070196,8.526640809018497,63,"(5336880755, 29382406, 0)"
934,47.38749420085846,8.52614737376606,63,"(5336880755, 29382406, 0)"
935,47.38647156027734,8.518572041463983,212,"(5341084676, 3976302133, 0)"
936,47.36906767839642,8.518270155603744,142,"(5359167891, 150535753, 0)"
937,47.36946005992871,8.518372606481678,220,"(5359167891, 150535753, 0)"
938,47.37641313815514,8.51149682011693,307,"(5478263734, 47775268, 0)"
939,47.38761976448784,8.518334015795629,125,"(5723286895, 2968572907, 0)"
940,47.36932819131555,8.526636303730612,285,"(5728001582, 260746774, 0)"
941,47.38028541183429,8.505709728269855,304,"(5734777018, 5734782539, 0)"
942,47.37989273866857,8.506614546439096,39,"(5734782527, 7600650429, 0)"
943,47.37999380069266,8.506385105715951,303,"(5734782528, 5734782545, 0)"
944,47.38133236842286,8.506997429527537,211,"(5828316156, 5828316157, 0)"
945,47.38375134207904,8.53080830697822,209,"(6165393075, 29033209, 0)"
946,47.38350422539992,8.530592068841862,29,"(6165393075, 29382417, 0)"
947,47.3778727149196,8.511128574111964,120,"(6305404253, 6305404255, 0)"
948,47.37611162369016,8.516554542924819,173,"(6317934831, 316507908, 0)"
949,47.37582564803903,8.516604250570055,353,"(6317934831, 847222969, 0)"
950,47.37635599197487,8.516085467288205,120,"(6317934831, 6374145842, 0)"
951,47.36891696436265,8.502569602109512,259,"(6453143815, 5277690536, 0)"
952,47.37002876007221,8.50347771652977,81,"(6453143823, 258375353, 0)"
953,47.36996717936577,8.502929116740331,80,"(6453143823, 258375353, 0)"
954,47.36990559568565,8.502380523930107,80,"(6453143823, 258375353, 0)"
955,47.37007921683155,8.5040110220501,354,"(6453143826, 6453143823, 0)"
956,47.38280298858761,8.529315036085546,122,"(6657187045, 6640039343, 0)"
957,47.38403735207451,8.51606789555924,243,"(6726279343, 4241213588, 0)"
958,47.38390657280648,8.509747527161762,25,"(6819488997, 6819489001, 0)"
959,47.38402730881538,8.509390613747584,118,"(6819489017, 6819489018, 1)"
960,47.38447695015748,8.509135335683787,208,"(6819489017, 6819489018, 1)"
961,47.38398120631711,8.510946493049802,214,"(6819489020, 52727147, 0)"
962,47.38343584409114,8.511200932770878,306,"(6819489022, 6819489025, 0)"
963,47.38384775271452,8.512095423382867,213,"(6819489025, 2712360136, 0)"
964,47.37372488963518,8.522818220277502,222,"(6878895423, 7395467459, 0)"
965,47.38911171809656,8.510126471370342,115,"(7051810394, 7051810398, 0)"
966,47.38855760310911,8.50965185570575,284,"(7051810400, 8957515261, 0)"
967,47.36739802945242,8.50174139326886,345,"(7598451836, 7751474678, 0)"
968,47.36855707652443,8.518135140362912,259,"(7606004978, 150535743, 0)"
969,47.37776840794555,8.511390338873339,300,"(7606014992, 823735435, 0)"
970,47.36992014386551,8.517967080204421,41,"(7609417444, 73147749, 0)"
971,47.36978179983218,8.517785787019633,40,"(7609417444, 73147749, 0)"
972,47.36948806950536,8.517471147884129,32,"(7609417444, 73147749, 0)"
973,47.36991474091179,8.518610955402126,334,"(7609417444, 150535753, 0)"
974,47.37064457048447,8.529988162689666,23,"(7638173630, 7638173645, 0)"
975,47.3688082938875,8.513466550932721,50,"(7660493760, 7660504488, 0)"
976,47.36888372085882,8.513376043764612,141,"(7660504488, 1545780916, 0)"
977,47.3691065973721,8.513103776098028,140,"(7660504488, 1545780916, 0)"
978,47.36819465300299,8.506342976566648,343,"(7677603543, 349232214, 0)"
979,47.36875792871549,8.506116393546758,349,"(7677603575, 7677603574, 0)"
980,47.36764361502626,8.509383236086421,344,"(7677603583, 4370879724, 0)"
981,47.36681426524551,8.509477099696335,101,"(7750439325, 470919756, 0)"
982,47.36694768075803,8.510778715350098,281,"(7750439328, 4875436589, 0)"
983,47.36713163910626,8.510825427323024,281,"(7750439331, 7750439330, 0)"
984,47.36576757262095,8.502360500664329,75,"(7751474677, 4370879722, 0)"
985,47.36712437173286,8.501843653076959,345,"(7751474678, 7751906388, 0)"
986,47.36721265543333,8.501810602563456,76,"(7751474680, 7751474678, 0)"
987,47.36636690627196,8.502132008847072,165,"(7751474682, 7751906396, 0)"
988,47.36627523743143,8.502167101864842,76,"(7751474683, 7751474682, 0)"
989,47.36703793498609,8.501876144649021,254,"(7751906388, 7751906389, 0)"
990,47.36680112801871,8.501967386440276,255,"(7751906392, 7751906393, 0)"
991,47.36654391277325,8.502066043070487,75,"(7751906397, 7751906396, 0)"
992,47.37098991729574,8.523236772867397,242,"(7781085582, 319624376, 0)"
993,47.37095506059097,8.523138424271977,242,"(7781087290, 301202336, 0)"
994,47.38264158173014,8.507459946963698,248,"(7804949634, 4076621561, 0)"
995,47.38259379081887,8.507574201938954,211,"(7804949637, 4076621561, 0)"
996,47.3765179475523,8.515728759522522,124,"(7869017779, 316507921, 0)"
997,47.37680093820548,8.515722125813724,35,"(7869017784, 316507921, 0)"
998,47.3780657690662,8.515377068007915,124,"(7869059776, 431092957, 0)"
999,47.37826450438343,8.514926727690503,122,"(7869075016, 47775372, 0)"
1000,47.37816729424924,8.51514869564844,217,"(7869075016, 7869075015, 0)"
1001,47.37750635628144,8.513069181392524,44,"(7936707438, 823735461, 0)"
1002,47.37774128666781,8.513395280936658,133,"(7936707439, 7936707438, 0)"
1003,47.38531143624859,8.504052282338295,121,"(8008933304, 8008933307, 0)"
1004,47.38503489484073,8.503701143192176,41,"(8008933307, 47744453, 0)"
1005,47.37541895930111,8.529463433923997,226,"(8158084653, 8158084654, 0)"
1006,47.37500118848259,8.528824296730058,138,"(8158126815, 28582095, 0)"
1007,47.37239149925169,8.51901814466393,50,"(8892693333, 81507775, 0)"
1008,47.37203589592467,8.520114775092642,230,"(8892693340, 301210179, 0)"
1009,47.3741302899523,8.531180178121456,125,"(9341941495, 28582284, 0)"
