,0
0,0.4500728920134615
1,0.44143809198154915
2,0.45656380615591713
3,0.48844528086894073
4,0.3440615624177081
5,0.39233463835328863
6,0.3146903711314771
7,0.24137522005920348
8,0.3645441158501391
9,0.512955307701233
10,0.5983362829873805
11,0.6674463745853342
12,0.5409528871712566
13,0.4702191998270159
14,0.5664530764342274
15,0.47771928869762353
16,0.4547890021684566
17,0.2546582431003284
18,0.32970772150344474
19,0.35116593695536363
20,0.25671588188911004
21,0.1998387656100799
22,0.1830913706960639
23,0.25154496324008
24,0.5500389712062744
25,0.4954765132844556
26,0.5399091471071313
27,0.5358684549131797
28,0.7345249754037925
29,0.6143239556945088
30,0.2984553453022417
31,0.34261950094130045
32,0.27097546135567707
33,0.4105104173044
34,0.37173861899495025
35,0.38171578057896777
36,0.35024916435904113
37,0.27744249845098445
38,0.2956322227640632
39,0.24619714194891634
40,0.2740861806796856
41,0.24941677311774996
42,0.31885979097098094
43,0.4749091050959561
44,0.24474219258848115
45,0.3490490521391269
46,0.3371429000778601
47,0.34374672443879684
48,0.27515470601727154
49,0.314032143935982
50,0.282316537228949
51,0.2807459041865669
52,0.3339505948639346
53,0.41882057103337483
54,0.3733742810228852
55,0.5464637217280737
56,0.435654116041609
57,0.4933385609887236
58,0.36803603461867584
59,0.40688904233222706
60,0.47077058481388756
61,0.19330370069099623
62,0.4510854915379933
63,0.36184571059125153
64,0.3564645266236701
65,0.3434246123962453
66,0.38039351800868804
67,0.3422543380161898
68,0.3485937834176792
69,0.42363059456342644
70,0.2990466020459269
71,0.6129640679299967
72,0.41337895223598825
73,0.5473760915226713
74,0.7255115620471734
75,0.71526523986549
76,0.40606038420599433
77,0.5502639680361712
78,0.3157803241490919
79,0.23432637720781296
80,0.25687044857560215
81,0.4174779595831253
82,0.7082814840857501
83,0.6254027462249283
84,0.4220310138648342
85,0.3963718649566995
86,0.3552220917268093
87,0.3667314448089454
88,0.4931979398728213
89,0.5623164455846698
90,0.55071112703868
91,0.42787936915222774
92,0.4086458913070266
93,0.5698041657652256
94,0.2122239791808474
95,0.5842709484009387
96,0.23253730861545002
97,0.29606204819668175
98,0.2704411599788489
99,0.44412238598730225
100,0.22354048356799794
101,0.29467601176030983
102,0.38863046618604724
103,0.23975182203055942
104,0.3742463768670896
105,0.5241984223870679
106,0.2770581745873668
107,0.5805166790341013
108,0.43020905979671886
109,0.26922340865802746
110,0.19632688963643014
111,0.5016219282827118
112,0.44153757312605457
113,0.31850992800938316
114,0.49357310866531057
115,0.3931234952310548
116,0.40504976050073405
117,0.32847626374865807
118,0.6068708608201894
119,0.4060393903572775
120,0.43189225935587466
121,0.608814223777795
122,0.4458345261817164
123,0.447170537026378
124,0.5775200036182819
125,0.22783593664349705
126,0.42775076206579626
127,0.28827565038176495
128,0.23794835418631816
129,0.41053233622025054
130,0.42367677188452574
131,0.43743763239702543
132,0.4364442164771082
133,0.570699114089613
134,0.5693821834650704
135,0.4744333238448529
136,0.44447474222581923
137,0.47475253490445973
138,0.6077935803423029
139,0.6157627097358083
140,0.6197539822920192
141,0.6473674219869392
142,0.4883867252767874
143,0.3115055639900749
144,0.281210065081207
145,0.24038756977649484
146,0.32221020234529696
147,0.482763920031183
148,0.31090418013233534
149,0.3211410668762972
150,0.29498433002948776
151,0.36453530732250927
152,0.3336186540552675
153,0.20487949026084024
154,0.5845745945136678
155,0.47530081841419586
156,0.48081982100269316
157,0.42202633156608393
158,0.35685061534822504
159,0.43197366982920204
160,0.22418957234296694
161,0.4663520113184899
162,0.4244645684303151
163,0.42259034280972324
164,0.6904821446620748
165,0.39688937571031657
166,0.2594048949104059
167,0.7153168384371128
168,0.3178897289190692
169,0.7077757423171683
170,0.3434924558139042
171,0.29931243962644777
172,0.3361670136472422
173,0.19456662017255716
174,0.2855460810559656
175,0.25181611527088865
176,0.2475651924170365
177,0.4374806581189866
178,0.24938495718881368
179,0.26780520691681287
180,0.31137000526201436
181,0.36430275330055173
182,0.4724944533087835
183,0.5525395673721057
184,0.6999609959438445
185,0.548090306501876
186,0.46251013710076544
187,0.5721413250233481
188,0.5363463727478228
189,0.5695164836655877
190,0.3271239401822629
191,0.3034347522949369
192,0.6048885699836821
193,0.5017715314044241
194,0.5169713708025717
195,0.6048343408144019
196,0.3864608514372806
197,0.3763229204843025
198,0.6606823354769957
199,0.42586670197282706
200,0.3955215560949125
201,0.32201340952222796
202,0.4785399463605344
203,0.42513071877584074
204,0.4404920085587828
205,0.34993774466106564
206,0.33153467333885
207,0.3740657874660954
208,0.6611615145366239
209,0.5842588679908264
210,0.37748873777246966
211,0.3190929796097186
212,0.4974871837294498
213,0.42262570913618547
214,0.39194032004747814
215,0.42790956893644927
216,0.5368836541626605
217,0.5796015128663373
218,0.5299012342793301
219,0.27091702428308817
220,0.2170603412448484
221,0.2423029236795572
222,0.3674528092275907
223,0.42872433175157804
224,0.5588331811753889
225,0.40501471364221936
226,0.3325422480697076
227,0.3157620209795973
228,0.2954698771184579
229,0.2740106768893845
230,0.42329983968057766
231,0.41437883253462987
232,0.2961266618768163
233,0.3982246089328495
234,0.3193261757329401
235,0.44415730359327366
236,0.39768028979256953
237,0.309259347716342
238,0.47936132728689895
239,0.3405136664927356
240,0.44453494532107574
241,0.3456123527191626
242,0.28863126047044274
243,0.3508401001901389
244,0.3706085875517561
245,0.47297560853319626
246,0.3498763625182617
247,0.38236281302342323
248,0.40770031501417814
249,0.3805276012400475
250,0.5866363369027208
251,0.4313839381091822
252,0.4220551001474441
253,0.5919966081952666
254,0.6932222450854915
255,0.3746868292322091
256,0.38680733979933424
257,0.4191538713253177
258,0.3545548735326116
259,0.25247714180401637
260,0.36697177539380155
261,0.2879277775963101
262,0.3770114157147865
263,0.38798711081473725
264,0.6206180469130431
265,0.3801576969051493
266,0.3459752026432936
267,0.36714627125376986
268,0.2376215329643766
269,0.38651178534552016
270,0.3891657042907548
271,0.36220362489390434
272,0.34664875784308724
273,0.4170686239435986
274,0.3742992457750391
275,0.35066334948017813
276,0.3804541610164932
277,0.4204895847369254
278,0.43766797763316617
279,0.4812399378330785
280,0.2666348585712708
281,0.4864857709921247
282,0.5788710152183887
283,0.2498261954761935
284,0.5144172433590096
285,0.4239822510126367
286,0.7158442596378592
287,0.5246681445939176
288,0.632433019265052
289,0.3252453462165822
290,0.2549932924953019
291,0.3592320755256143
292,0.2712745239682752
293,0.2870975096183175
294,0.4665621870833146
295,0.27623226136769874
296,0.37253931500183324
297,0.4048018884718195
298,0.6022768709096087
299,0.3654863938377883
300,0.5165811532810466
301,0.5679065391922773
302,0.4880130742157874
303,0.42980004361678925
304,0.3715195835982792
305,0.39096657254434314
306,0.44881945407142854
307,0.32230388120880443
308,0.2547527501578616
309,0.37438969108357373
310,0.31551920118484045
311,0.2826059192417345
312,0.34661062198705617
313,0.47779987745922686
314,0.48601128311589104
315,0.37518283070548175
316,0.3843127769833079
317,0.3169184898282715
318,0.37586891890451246
319,0.6788074505436585
320,0.4031098260439641
321,0.6109556427484946
322,0.34635026478608294
323,0.3942649221842478
324,0.2788066416912546
325,0.36539670321960876
326,0.42658658925320975
327,0.46016957042346185
328,0.5106965539263604
329,0.5147264767757357
330,0.285074326413683
331,0.4600635963059296
332,0.528640703847938
333,0.4267739882426906
334,0.2524822203823286
335,0.5853077441334942
336,0.37922720769201046
337,0.3333304692108419
338,0.4098056329004091
339,0.34666530067269835
340,0.4171119016204874
341,0.33815115924514033
342,0.42719276205827406
343,0.4139321723319912
344,0.5897461293818098
345,0.4063771196014877
346,0.5189509613822003
347,0.5963191370488777
348,0.34081271311949535
349,0.5937039634792023
350,0.3649968169775727
351,0.5682305618020473
352,0.4175744825503678
353,0.423280864193687
354,0.3684003624943617
355,0.44724895883502247
356,0.3792854535522755
357,0.4324829686194119
358,0.48748552037198456
359,0.5609701277936056
360,0.43288569360944895
361,0.22997135062876894
362,0.24291008892997776
363,0.42039116230821544
364,0.3319802482725919
365,0.4664782200621574
366,0.33417316859833324
367,0.3541255318221864
368,0.3260910502996429
369,0.41616623889773335
370,0.3352090345151951
371,0.3374124153797754
372,0.643377924230494
373,0.3717109087954415
374,0.4752558631961478
375,0.6365575396497911
376,0.5089696903904576
377,0.5075993866932709
378,0.5729924800136683
379,0.506365044054852
380,0.29185234144096217
381,0.3160765188392541
382,0.3864251078918776
383,0.5802078025504269
384,0.30874339653589056
385,0.39610502696339944
386,0.3937740837715335
387,0.5769110695574852
388,0.3798881811663239
389,0.4076316719161001
390,0.5287771538386379
391,0.2972159583878488
392,0.3987069746333961
393,0.36413033332397304
394,0.520150971757028
395,0.3205554858156845
396,0.33832320351840717
397,0.38644772022676466
398,0.2532716475772573
399,0.344644946623431
400,0.5369740178605332
401,0.53028466904129
402,0.6277482142204425
403,0.37478034451669706
404,0.400449186051017
405,0.4634519706940717
406,0.32415182889517735
407,0.5656134552469892
408,0.33298630121843187
409,0.45741199836121665
410,0.3743283350728961
411,0.4574808073228472
412,0.43140123775517447
413,0.5359181975227288
414,0.3485100186589666
415,0.20276571536501453
416,0.4763046705208518
417,0.22647227668278685
418,0.36186373882192363
419,0.5927363194335269
420,0.3066181424266911
421,0.3227850598494653
422,0.2775625278265724
423,0.4510207116541164
424,0.3801678832881046
425,0.4151884425438233
426,0.22829455788908032
427,0.3590153023173333
428,0.29489791166237234
429,0.3954966669817346
430,0.4880878778426774
431,0.5669835650549188
432,0.3253478711693978
433,0.5278127867217196
434,0.652126582800401
435,0.6582899103532314
436,0.45449315883786806
437,0.45307132262713934
438,0.42938752317108597
439,0.3288385146502224
440,0.3054627127325555
441,0.559665790095997
442,0.482822344804291
443,0.47690769912853725
444,0.35070327185431105
445,0.4145834618958789
446,0.2694717579413024
447,0.3347763308339824
448,0.41242184074378907
449,0.4572067419775652
450,0.6047852191359213
451,0.4120623867524675
452,0.6093792038706044
453,0.48928117987571146
454,0.29626816642257015
455,0.4317310618020589
456,0.6314410853266437
457,0.6071744127761953
458,0.3951314466520625
459,0.21319990675680378
460,0.3566507794356051
461,0.31242500789625965
462,0.37798791262878784
463,0.35102951955940775
464,0.48146758698484327
465,0.6046629660822748
466,0.4426648128940281
467,0.49515664635646905
468,0.17584993948314892
469,0.2400385750739431
470,0.6963193182559437
471,0.46527161083511764
472,0.36256290109680506
473,0.38861213488005053
474,0.6436134415986718
475,0.4699946735415204
476,0.4575240634282156
477,0.4367583426795063
478,0.375145609397565
479,0.33671525800218227
480,0.3033678131636426
481,0.3127427931589478
482,0.24228383774143877
483,0.23339263175953784
484,0.4741453169967903
485,0.28344687258645695
486,0.6589990659007633
487,0.4565790800159274
488,0.5406699355324925
489,0.4440652083343132
490,0.2699440373345008
491,0.3006261928028842
492,0.27490618803398004
493,0.3300413484640548
494,0.434590615025605
495,0.2852375161470436
496,0.37099409894460866
497,0.6886014816000834
498,0.2956502578825885
499,0.46669583693793304
500,0.3087147241060618
501,0.40822075693384446
502,0.3218677889294613
503,0.32372444843933623
504,0.2704646713722799
505,0.27340535805941646
506,0.5933253541241159
507,0.3292865629380771
508,0.18736258385580662
509,0.34411419857655334
510,0.2955705682305919
511,0.2835269062730679
512,0.5549612527942744
513,0.2912967537182389
514,0.32868488835208326
515,0.2824999696977005
516,0.5829528124393286
517,0.48903223410363283
518,0.39853595313935014
519,0.273530479191029
520,0.36226275777811134
521,0.3302896653730656
522,0.28508166219476294
523,0.34261331257510275
524,0.3947828290672389
525,0.3510157592789791
526,0.30784732247879004
527,0.4127129993185568
528,0.6302327496955621
529,0.45347059928285866
530,0.6541557733140736
531,0.6984415256442345
532,0.3744692868048986
533,0.5715257113730811
534,0.30725574191066457
535,0.5912535239480152
536,0.6642292580281056
537,0.5556240500561767
538,0.5035454261489795
539,0.5359500359939982
540,0.5862609232976801
541,0.3507117064612978
542,0.512448442265359
543,0.37056490385424445
544,0.48968732113882296
545,0.6294466704081737
546,0.5598148854672812
547,0.28457671155769143
548,0.34827680879369083
549,0.3238802625048057
550,0.5746409740401723
551,0.7170945821927515
552,0.4842626583286026
553,0.7335269423065387
554,0.7429575939464448
555,0.22384335256437754
556,0.5109041846895175
557,0.5930003417375922
558,0.6673063754909342
559,0.6061259282605637
560,0.6666122755370872
561,0.4945971102558339
562,0.4386673374931909
563,0.305603612973164
564,0.3176923540399907
565,0.3082883756256033
566,0.3508032240095879
567,0.40210407023097006
568,0.3355038588446655
569,0.3204605248794269
570,0.21400954627933805
571,0.40182291812209536
572,0.3187104734036095
573,0.37383151167469303
574,0.3658725598381408
575,0.68738385059113
576,0.5449675846511489
577,0.5376906785886498
578,0.5998418931247071
579,0.6705089872556262
580,0.6021257444148126
581,0.5927088286796569
582,0.6092870731231829
583,0.625336351417769
584,0.5476323688885248
585,0.4184784960655071
586,0.5428617574605057
587,0.4804540142230854
588,0.47897485222243774
589,0.5135506968194229
590,0.6626813522278994
591,0.5750211673447365
592,0.6252315721401653
593,0.6436456650878275
594,0.6977803448656259
595,0.5524692897651036
596,0.4193756628377767
597,0.6690663596958469
598,0.3695431727969306
599,0.6030187569098234
600,0.37176069461186634
601,0.3870140092484588
602,0.5712133493740831
603,0.30325019348712035
604,0.3805037926034865
605,0.21043955548411108
606,0.3078558661245465
607,0.3183746700426961
608,0.33647051916962706
609,0.3126274029923276
610,0.3418779096436925
611,0.34741614914064795
612,0.520714665671085
613,0.39827365844318086
614,0.49770185518933674
615,0.4275064406330813
616,0.3135134481872159
617,0.28290354041803645
618,0.2559354493521818
619,0.4263435550944421
620,0.33241478286994297
621,0.5198206159690764
622,0.2527999589574593
623,0.4112361571911604
624,0.3903614309796629
625,0.49136371297583886
626,0.5571906261173342
627,0.49485132217071537
628,0.3958734461444954
629,0.40487676988465227
630,0.38318108364488684
631,0.27258034826893396
632,0.32142891200170065
633,0.3939107354055464
634,0.31336811529077524
635,0.222604484877038
636,0.4112940145308107
637,0.4534037285098106
638,0.5948585404504809
639,0.45854745277476683
640,0.5730249224026434
641,0.41973075258922604
642,0.48332180326568
643,0.33596015559075026
644,0.6615360547857045
645,0.358745075721679
646,0.4288023933151811
647,0.6102407257425386
648,0.5941457559234199
649,0.4726992022217176
650,0.43184700946440235
651,0.22689142435235465
652,0.34179100648311067
653,0.19040597169581192
654,0.48851012447491965
655,0.4266669022199041
656,0.43129497823936
657,0.3962187154713031
658,0.3756635398706524
659,0.29451488161844663
660,0.4341953971786484
661,0.3832354013738277
662,0.4687386108583253
663,0.3889158569874293
664,0.35183960739996295
665,0.4410615904624857
666,0.4193477305914475
667,0.43655878027452644
668,0.27183209333917735
669,0.2826524174842707
670,0.38473436611652795
671,0.40131652990825845
672,0.6172365377383191
673,0.7280436703705389
674,0.6134529002017601
675,0.39992526413593954
676,0.3065349635931375
677,0.3723388663389912
678,0.29272543556052016
679,0.42860139441600875
680,0.37768413146983765
681,0.3472472549655101
682,0.25233546489307035
683,0.40858160134792987
684,0.283020510979483
685,0.24517553998059352
686,0.5492651805007545
687,0.3529982718319016
688,0.36431832194869573
689,0.3613882803122111
690,0.34875922845292473
691,0.36430944633088685
692,0.2302880797107889
693,0.35309357001615077
694,0.4210241246739526
695,0.392193776215697
696,0.39800984930243977
697,0.26934130257346656
698,0.4261189096821756
699,0.43325209879946225
700,0.27306819358220114
701,0.392689149094382
702,0.34499722735021304
703,0.40851776537683754
704,0.366696267091702
705,0.7017390402122999
706,0.6361411262240687
707,0.6906805907655413
708,0.6228561451705493
709,0.6597966318635026
710,0.679038318086848
711,0.53414973782216
712,0.45510431289234865
713,0.43778372109361413
714,0.44325320956247716
715,0.4373396114326984
716,0.43697607828456814
717,0.5001400800045782
718,0.5700801906916108
719,0.5600212721982221
720,0.4008914115702996
721,0.3926601300991438
722,0.4946211210790772
723,0.31163738297964094
724,0.5291619766702778
725,0.48884367658572486
726,0.4773539700070649
727,0.24332595465746523
728,0.21842858284011868
729,0.26076369526209153
730,0.29506618570579074
731,0.27240499257310297
732,0.3721799283757017
733,0.24683093061246208
734,0.6501143423896767
735,0.44980470797794503
736,0.4035892502053752
737,0.48790382854481945
738,0.6663905775662512
739,0.37714631387218517
740,0.39608789252722915
741,0.35471670303010394
742,0.6081188535326463
743,0.39407249826698365
744,0.2758543964138569
745,0.28084270519741394
746,0.34110584769646674
747,0.46977796168349734
748,0.4028805389600653
749,0.39504704409898644
750,0.3065327572166564
751,0.3075742392179769
752,0.25113918320840123
753,0.2511150929724154
754,0.3707952131023915
755,0.2872314267740621
756,0.3147244724188217
757,0.4313056559445098
758,0.4838638055497875
759,0.27716457269892547
760,0.25680824706410255
761,0.4286003596357385
762,0.6750134613994581
763,0.40677555265093857
764,0.5210438847492661
765,0.6295370406220087
766,0.3682464013640814
767,0.5305329200743718
768,0.40045178789795394
769,0.3962947492993508
770,0.2522040072222227
771,0.4882842587097481
772,0.2856032709385389
773,0.4827320896328805
774,0.44442725817878087
775,0.4091890945109228
776,0.44240383833356245
777,0.5304714586289022
778,0.48613923574611767
779,0.33536835435250056
780,0.27021169234994125
781,0.2851994697501511
782,0.5661583149219419
783,0.36946381520200355
784,0.29589447749928105
785,0.6270126485181863
786,0.5470795008502953
787,0.368116867947233
788,0.42371623783456613
789,0.33350996408468486
790,0.4337124919778137
791,0.45718317721537277
792,0.4061879324128408
793,0.33348146826241554
794,0.4752937355844966
795,0.6987165730106174
796,0.5305913354954772
797,0.4900150904811352
798,0.4058323500019603
799,0.5381738477519019
800,0.5637042616487735
801,0.3912286839844235
802,0.4478938126337922
803,0.5211962230345724
804,0.29209573226600527
805,0.25459303958618695
806,0.27464205015848875
807,0.46504752709870234
808,0.44942565844350646
809,0.362716960368886
810,0.36675777827056993
811,0.3222602469134548
812,0.2338600234194524
813,0.28317279491870745
814,0.25046515022236965
815,0.39532525094638316
816,0.36566530353799775
817,0.2947998173025401
818,0.303574930931277
819,0.2190004209458964
820,0.43104463738435794
821,0.27649644319541267
822,0.22370112655108831
823,0.6942959860105476
824,0.5361499193654994
825,0.607610922925669
826,0.3837221720816707
827,0.4630990074622603
828,0.5341943147390537
829,0.31622529180922426
830,0.42144127967925993
831,0.24234999175443447
832,0.4041245448018749
833,0.23237080470221877
834,0.22090335262517752
835,0.25749270915374445
836,0.3271380898146692
837,0.39222548250058104
838,0.3985890852876529
839,0.3841251808418872
840,0.3025506618493189
841,0.40363035542111403
842,0.3314358329251078
843,0.5626114795242935
844,0.4898199800045417
845,0.2629022398992229
846,0.4291353522088457
847,0.38056992089603564
848,0.3491234205142899
849,0.33470882054571083
850,0.6454177621116182
851,0.3998463525730618
852,0.4911938278219456
853,0.5124207378558943
854,0.6664041483129659
855,0.49372468093265515
856,0.6500681983024926
857,0.5554797264881237
858,0.3639569853451946
859,0.45550955187031783
860,0.5274385223058048
861,0.5226809595285711
862,0.5304860699609109
863,0.46739487861153844
864,0.46129716490208084
865,0.49202814889810725
866,0.4887347102890789
867,0.6238899422958252
868,0.38847939153674116
869,0.5360384015202173
870,0.3814450583290335
871,0.28808791470516
872,0.5192669478394841
873,0.42898863159394846
874,0.3439670612443039
875,0.49392424991859607
876,0.3723885663479733
877,0.4255996166947013
878,0.4303363425155799
879,0.3853220416972948
880,0.3154890550064672
881,0.35434183210714326
882,0.4429837725234067
883,0.6259728797409879
884,0.2624458114229806
885,0.6594748317127407
886,0.5643651770644535
887,0.7022738430787369
888,0.26647033954301935
889,0.3373025980266227
890,0.24784874913807411
891,0.39540697202868297
892,0.30817650285117415
893,0.47685343970999106
894,0.5580706840250929
895,0.2695054393655864
896,0.3189682643878882
897,0.6021235575300825
898,0.32880079555840674
899,0.43856411618393293
900,0.31630048228684604
901,0.32164122337483303
902,0.35307255074483535
903,0.1825880452675368
904,0.27928328156738225
905,0.24441235848366233
906,0.24540283122054546
907,0.2475082093818321
908,0.27517540511860294
909,0.40916557498954437
910,0.40023027536605826
911,0.21847040187982597
912,0.24021871636362757
913,0.483593839134651
914,0.3924146641660201
915,0.40663611118489
916,0.507450669263668
917,0.5212092777791232
918,0.47917173108214006
919,0.44820257601005
920,0.3865255415182942
921,0.3729964999060915
922,0.4148796040725635
923,0.3434205807945785
924,0.2516540792656472
925,0.520083480819492
926,0.45623306527176294
927,0.2547132775476928
928,0.4219205022090753
929,0.5855872464761603
930,0.5561505917402029
931,0.5545944637806514
932,0.25291746186385344
933,0.5863662663139776
934,0.6146641463737097
935,0.4571752679991957
936,0.3469813407266409
937,0.39420847447503693
938,0.4290198238614761
939,0.2592791981211878
940,0.342171722608636
941,0.4856090234929618
942,0.31733560545936007
943,0.3851665242153237
944,0.40727505809850095
945,0.4448442030654345
946,0.31580115212726767
947,0.20263884904356982
948,0.387980554070731
949,0.472925889084916
950,0.2699657870569585
951,0.39186097069488135
952,0.5777511680128218
953,0.5765889039877464
954,0.5822525355986337
955,0.6342599220293141
956,0.4190303500527223
957,0.2699656275688196
958,0.32452226414208
959,0.5118259109044782
960,0.3889602118983191
961,0.4926792580485706
962,0.49798512285188196
963,0.368429284155278
964,0.4925693529113877
965,0.4016593137352135
966,0.28575834018715995
967,0.4903607777795107
968,0.6768899994605823
969,0.3924531077169118
970,0.40448405404037713
971,0.4665030561943904
972,0.6032750249332002
973,0.2817848072543342
974,0.5744682587579897
975,0.46354017300039724
976,0.4859330682622361
977,0.3105601408551688
978,0.5190439660445827
979,0.32642297640496076
980,0.5536116229409291
981,0.6811688515709192
982,0.5156065652013543
983,0.349258450861722
984,0.6663499005520295
985,0.5267368952592247
986,0.3251345785534795
987,0.4922287397828458
988,0.48349324164910457
989,0.45631898985633956
990,0.38652531843226046
991,0.47027009550069915
992,0.2328990646541233
993,0.33923323869509103
994,0.4262609679493764
995,0.4183166421518568
996,0.38192178891592643
997,0.2867067827477539
998,0.34806578129300786
999,0.33732971837772485
1000,0.48327851522512116
1001,0.3983341519339586
1002,0.5587645367137307
1003,0.4181007800011478
1004,0.5436576027941092
1005,0.39099127181826154
1006,0.5077417274195763
1007,0.3984395459628743
1008,0.36153474225112747
1009,0.32585224355162934
